0.9707
0.9684
0.9973
0.9862
0.9835
0.9953
0.9838
0.9293
0.9376
0.9237
0.9821
0.8897
0.9205
0.9664
0.9813
0.9967
0.9605
0.8904
0.9595
0.9940
0.9270
0.9408
0.9371
0.9688
0.8704
0.8829
0.9032
0.8514
0.9561
0.9607
0.9732
0.9499
0.8976
0.9187
0.9384
0.9411
0.9022
0.8734
0.9651
0.8352
0.9091
0.9703
0.8878
0.9280
0.8151
0.9337
0.8454
0.8544
0.9337
0.8961
0.9108
0.9787
0.9342
0.8979
0.9524
0.9635
0.9848
0.9969
0.9240
0.9752
0.9601
0.9946
0.9900
0.9739
0.8045
0.9098
0.9443
0.9752
0.9665
0.9900
0.9316
0.9778
0.9598
