9.4632
10.3421
12.6431
13.3380
12.4808
11.3677
13.0030
12.9069
14.9778
12.4978
15.4115
14.7322
10.9650
9.2332
8.4325
10.2888
10.2619
11.6784
15.2007
14.8894
14.2053
15.2214
17.6277
14.5438
14.5655
11.1319
9.3876
6.4826
14.4754
14.9776
13.9316
13.5700
15.5182
20.3193
20.0687
15.9418
15.1541
18.8975
14.4014
15.5562
19.6745
21.1996
20.8572
14.6561
20.7805
13.9836
15.2144
20.6660
15.6698
20.7404
18.8795
24.2235
21.2242
19.9217
25.5486
25.8158
26.0826
23.5961
23.4640
26.8521
24.0934
25.8565
25.4174
23.9512
25.9688
20.6689
25.5001
26.9512
28.7750
25.3546
25.1281
25.5367
26.0596
