6.8002
13.2185
12.4017
14.5906
10.9801
11.7935
11.5281
19.3401
9.3019
19.4422
17.0440
4.6951
3.7340
6.1785
6.7293
9.9913
13.8558
21.6523
18.8836
15.4383
20.8485
20.6066
11.9028
17.3817
2.7760
0.4777
0.5831
20.0033
18.4677
18.5552
16.3684
18.1255
24.8399
27.7165
14.4641
10.5795
24.0550
7.3751
17.5798
30.5506
27.9477
23.8992
10.6447
21.2123
3.9586
7.9522
29.2804
7.4157
21.6991
30.1942
26.9976
22.2812
27.2153
29.2173
29.8795
29.1354
27.4679
23.3157
30.3807
29.1096
27.7251
25.3637
24.5047
26.3261
8.1777
28.8743
30.5721
29.2114
25.7272
26.2651
18.9059
27.5614
22.4024
