58.0112,56.5365,56.9592,56.1803,54.0057,52.3708,52.6886,51.7962,51.8421,51.4875,51.3544,51.3035,52.1853,49.4930,49.6885,45.9218,46.9102,45.5016,46.4656,43.1399,44.8426,42.8037,44.2291,44.5126,43.3751,43.4707,43.7768,38.4585,40.3313,38.1897,38.8948,38.4364,35.5269,35.8894,34.4554,32.6048,32.3400,30.8873,32.1326,31.4866,31.5452,32.2450,31.5052,29.3093,27.1113,26.4798,25.7026,28.4811,25.4294,27.9636,26.7616,27.9398,26.2009,27.9961,26.7746,27.3465,28.1285,26.1316,24.6572,20.8434,25.4683,27.1977,24.7385,25.0196,20.9886,21.2671,20.7981,20.0241,19.9554,20.4029,22.4879,20.9215,20.6971,20.1869,19.2423,22.7726,20.0055,21.5664,20.9319,17.9005,18.1548,17.2383,17.6418,18.9034,21.2206,20.8129,20.7335,17.6750,20.8392,16.4398,17.3956,16.4659,17.8478,14.6897,15.1345,17.2715
1.0160,0.0000,0.0000,0.0000,0.0000,0.0000,0.0000,0.0000,0.0000,0.2504,1.2273,1.2562,2.7198,1.7430,2.1320,1.7921,1.1573,0.3260,0.2651,0.0000,0.0000,0.0000,0.0000,0.9912,0.5580,3.2287,1.3786,0.0000,0.0000,0.1154,0.0000,0.8312,1.4207,1.3908,1.0015,0.2210,0.5771,0.0000,2.0708,1.0487,0.0000,1.6268,0.0000,0.0000,0.0000,0.0000,0.0000,0.0000,0.0000,0.0000,0.0000,0.0000,0.0000,0.4480,1.6676,2.6861,1.8043,0.7890,0.0000,0.0000,0.0000,0.0000,0.0000,0.0000,0.0000,0.0000,0.0000,0.0000,0.0000,0.0000,0.1379,0.0000,0.5036,0.0000,0.0000,2.3057,0.9698,0.1203,0.9177,1.2135,0.3212,3.2402,2.8462,3.3143,2.1378,4.0323,1.5521,3.3085,1.0063,1.7004,2.5022,1.0312,1.6948,2.4459,0.9811,0.2219
0.0000,0.0000,0.0000,0.0000,0.0000,0.0000,0.0000,0.0546,1.0941,0.4631,2.3158,2.4605,3.1823,4.1744,2.3430,3.9628,4.0126,3.8959,6.3766,3.9488,2.4487,2.4872,6.1981,4.9193,7.6660,6.8563,5.9423,6.4672,8.5805,5.3532,7.6945,5.2801,6.6574,7.6084,5.8421,7.8018,6.6536,4.7121,7.1333,1.8463,5.3844,4.8132,3.7800,3.7605,1.8717,3.2153,0.0000,3.8834,0.0000,3.8040,4.2745,2.9340,4.0942,3.9872,4.7747,5.4992,6.9104,4.9172,2.4018,1.7912,2.1131,1.6414,5.1365,0.2401,0.0000,0.0000,0.8053,1.5142,0.0000,2.2379,0.5628,0.2549,0.0000,0.0000,0.0000,0.7095,0.5840,0.0000,0.2767,0.0000,0.0000,1.4125,2.1113,0.0000,2.4210,0.1780,0.4770,1.1042,0.0000,0.0000,0.0000,0.0000,0.0000,0.0000,0.0000,0.0000
0.9884,0.9265,0.3589,0.0000,0.0000,0.0000,0.0000,0.0000,0.0000,1.8896,1.9338,3.3088,3.9637,2.0106,2.8178,2.9310,2.4106,4.4952,2.9296,1.2641,2.3310,1.8315,2.9517,3.6607,5.2879,6.7008,6.6722,4.4800,5.0211,5.5241,4.0445,4.3436,4.0494,5.8724,4.2994,4.5688,4.2052,4.9177,7.1198,4.1024,4.9305,4.4625,3.6508,3.4042,2.0085,1.9864,2.4981,3.1181,1.4690,3.8234,2.1637,3.8747,3.8382,3.3400,4.0848,5.1580,6.4814,5.7197,3.6857,0.6564,2.4599,3.0113,3.0038,2.7767,3.0258,1.9421,2.4464,4.0498,2.9230,3.8712,4.0867,3.4997,2.1206,2.5215,2.1708,4.2536,4.1486,6.2214,6.1792,3.8638,4.9326,6.3109,6.7162,7.1140,7.9523,8.0140,7.2009,8.6094,7.8041,4.9628,7.2235,6.7825,7.1560,5.5498,4.5286,5.7719
2.5987,2.2771,2.0958,1.4245,1.6612,0.7798,1.8827,1.7604,1.2610,2.4879,2.8267,3.3713,4.3545,2.2866,2.3326,2.2471,2.2404,2.4287,1.6537,0.6363,0.8094,1.6196,1.5239,2.0480,2.2528,2.7881,2.8538,0.9447,1.4155,1.6950,1.0743,0.9382,0.9623,1.3291,0.2460,0.0000,0.0000,0.0000,0.8663,0.0000,0.0000,0.0531,0.0000,0.0000,0.0000,0.0000,0.0000,0.1558,0.0000,0.0000,0.0000,1.1359,0.6055,0.3683,1.0850,2.6136,2.6717,2.1237,0.6362,1.1585,2.1986,3.5811,3.1493,3.6042,3.4563,2.3529,2.9038,4.4841,3.6310,5.0975,4.4218,4.0819,4.4488,3.9450,3.6036,4.7213,4.0741,4.4256,3.9293,3.7304,2.9575,3.6554,3.1151,2.8560,4.1667,3.9271,2.7789,2.7205,2.6458,1.5347,1.3236,0.9198,1.6611,0.9739,1.6764,0.8662
19.5218,19.1077,18.7743,18.3685,17.7195,17.0169,16.5097,16.1898,16.0985,15.6823,15.7496,15.6106,15.6490,14.9154,14.8029,14.2931,13.9813,13.9165,13.5570,12.8235,12.8656,12.3890,12.5745,12.7684,12.4101,12.4021,12.1471,11.1747,11.3856,11.1078,11.2807,10.8927,10.4365,10.3531,9.7329,9.7495,9.3769,9.1779,9.4052,8.8737,8.8804,8.8936,8.3759,7.8873,7.2979,6.7259,6.6012,6.9870,6.2742,6.5644,6.8098,6.8317,6.3083,6.7280,6.2917,6.5350,7.1052,6.5803,5.9660,5.2853,6.3487,6.7280,6.5502,6.6388,5.7618,5.8853,5.6481,5.8839,5.6914,5.9829,6.0543,5.8998,5.9920,5.8543,5.9506,6.5170,6.2644,6.2315,6.3862,5.9599,5.8655,5.4958,5.7109,5.7697,6.1737,6.0748,5.9462,4.9349,5.5130,4.5043,4.4823,4.6775,4.4612,4.4860,4.2285,4.2693
13.9593,12.6035,12.4232,12.9286,13.0818,12.7005,13.1845,13.3646,13.1209,12.9122,13.1462,13.2223,13.5258,13.2327,13.1835,12.5420,12.8448,12.3784,11.6976,10.8640,10.9429,10.6721,11.2986,11.1424,10.8986,11.1011,11.0798,10.0353,10.6804,11.0597,11.0434,11.3983,10.6996,10.8605,11.1242,11.0105,10.3732,10.1757,11.0009,10.8323,10.7389,10.4821,9.7483,8.7233,9.6331,8.6314,8.5529,9.2651,9.1027,9.8790,9.9696,10.2016,9.8852,10.6001,10.3465,10.8693,12.0377,10.6381,10.0936,9.7989,10.3663,11.3055,11.3561,11.5044,10.9521,10.1169,10.7901,10.5013,9.7683,10.2491,11.0293,10.8953,11.4334,11.1923,10.7169,11.2495,11.0905,11.5572,11.6773,11.3192,10.3918,10.7631,10.3249,10.4398,9.7178,11.4642,10.3921,9.6217,9.8253,9.9167,10.4297,10.1680,10.4407,10.2437,9.3313,10.1049
0.0000,0.0000,0.0000,0.0000,0.0000,0.0000,0.0000,0.0000,0.0000,0.2145,0.4966,0.3230,0.9785,0.9442,1.0555,1.1524,1.6195,1.2650,1.3131,0.9433,1.2681,1.5155,1.5617,2.1947,2.5348,2.8420,2.7714,2.4311,2.9628,2.9708,3.0933,3.2147,3.5274,3.5311,3.5220,3.2661,3.3268,2.6237,3.1787,2.7992,2.2182,2.7568,2.2629,1.4623,2.0285,1.4531,0.9598,1.0575,0.1744,1.5526,1.0369,1.3997,1.1495,1.3222,1.3070,1.5737,1.4794,0.9671,0.3627,0.0984,0.0900,0.3162,0.8041,0.2033,0.1329,0.5412,0.0590,0.8141,0.8193,0.9263,0.9417,1.1532,1.1987,0.6239,0.9884,2.0966,1.2711,1.3680,1.3367,1.3844,1.4105,2.5588,2.0512,1.7028,2.1437,2.2400,1.6345,1.9906,1.2017,0.8311,1.3384,0.8104,0.8242,0.6804,0.8929,0.9292
0.0000,1.7234,0.0000,0.0000,0.4413,0.2387,2.0319,2.6103,3.4925,1.2814,4.1115,5.9462,5.0852,5.6323,3.5121,5.2990,4.9333,5.2776,7.2112,6.7393,3.3207,4.0348,8.0475,5.5737,7.8989,6.4309,4.8903,6.6859,8.8788,5.7167,8.1067,5.6441,6.3362,7.9705,6.8664,8.1667,7.2012,6.7276,7.9105,3.6785,7.0344,5.8436,4.6590,3.9768,3.5955,4.5157,3.0938,7.0468,4.9934,6.1835,7.0814,5.4889,6.9079,7.3007,9.1357,7.4108,8.4378,8.5187,7.2766,6.5990,6.3909,5.8925,8.7931,5.1395,4.9190,5.2022,8.4602,7.4455,4.6816,6.5983,6.0793,6.0491,4.6764,3.8044,4.2509,5.9844,7.1939,4.8864,6.6346,5.9250,5.1773,5.7025,6.7046,3.6429,6.7964,4.4103,5.4262,6.3546,6.3581,5.9741,6.4853,4.3748,3.4367,2.5188,4.8836,5.4812
32.1849,31.4702,30.7575,29.4403,28.4221,27.6838,27.7115,27.0654,26.2133,26.0879,26.2031,26.4609,26.2839,23.9105,23.6393,23.3166,22.6737,23.1497,23.7013,22.4602,23.0629,21.8303,22.7085,22.3453,22.2583,22.4996,23.2003,21.0378,21.1919,22.5111,22.2323,20.8112,20.5532,21.0670,20.0173,19.1946,18.6770,18.4317,18.3196,18.7872,18.8264,20.0751,19.3186,19.1310,18.6616,18.2544,17.9738,18.7859,19.0373,19.8347,18.8170,18.7119,18.8457,19.0759,19.3209,18.8351,19.1749,19.3269,19.8816,17.9448,19.5808,19.4293,19.0845,18.8262,17.1479,15.3714,15.8931,15.1848,16.2825,16.9119,17.2954,17.1710,16.7229,16.4761,14.6889,15.8157,15.8933,16.5440,16.6315,14.8700,14.4212,14.2731,14.2658,14.0955,15.2764,14.5062,14.1385,13.0495,14.7813,13.0581,12.5006,13.4879,14.2108,12.5756,13.3880,13.5215
85.4692,83.7723,81.7927,81.0548,78.1486,76.1972,76.4575,73.6379,72.0738,70.9086,71.1760,71.9895,71.0905,66.2590,63.9776,62.9121,62.4718,62.0404,64.9574,60.6854,63.3177,60.0290,60.0567,59.4831,58.6112,59.2142,62.0075,56.1167,59.3946,60.5775,61.5136,58.7889,56.3173,55.0671,54.8130,52.4656,52.6348,48.8853,49.1008,50.8329,50.6979,54.9747,50.5413,49.1587,49.6324,48.2028,47.2053,48.3550,47.5048,49.8145,47.4129,46.3732,46.3787,47.3590,48.8452,46.1346,46.5011,45.8371,47.6954,42.9069,47.9400,48.1237,46.6210,46.2309,39.8427,36.3516,35.5506,34.8031,36.1064,39.7197,42.6914,42.1159,42.0034,39.5570,35.2918,39.3395,37.7265,38.7157,38.9598,34.9382,33.1327,32.4278,31.7082,31.2414,33.0609,32.2206,31.5419,27.6300,32.1583,28.9827,27.1014,27.1005,27.9613,24.5410,28.0740,26.1550
68.0790,63.7277,62.3060,61.3308,60.4521,57.6674,58.3121,57.9604,56.9682,56.1067,55.6870,54.6617,55.8936,53.7176,53.2130,51.3791,52.4035,48.7802,47.5688,45.3140,45.5489,44.4900,45.8116,45.6463,44.2925,44.1395,42.8173,40.3994,40.5639,40.4717,40.8573,41.0399,39.5255,38.4123,38.7040,37.4603,37.1102,34.9259,37.0747,35.2340,35.3277,35.7754,33.8551,30.6715,31.6277,29.0418,28.5544,29.2611,28.0568,30.6105,30.1427,31.2653,29.1555,30.5949,29.8996,29.4314,31.5640,28.3786,27.1574,25.3593,27.5671,29.9349,29.2760,28.1904,26.6807,25.5811,26.3519,25.8891,25.7495,25.9872,28.5541,27.0956,27.6371,26.8913,27.5307,30.0883,28.3008,28.8251,29.2097,28.3190,27.6145,28.3802,27.9140,28.4815,27.4717,30.3327,28.2601,27.7405,27.6479,27.0141,27.6486,27.6250,28.2090,28.7899,26.8594,27.7348
43.6034,41.0583,40.5106,38.7119,38.2133,37.1114,37.5259,38.2365,38.2661,38.4132,38.4935,38.0363,38.6327,38.1286,38.3197,37.0478,38.1870,36.5385,36.6673,35.5185,35.9176,35.5879,37.3318,38.2982,37.6998,37.5568,37.7664,37.0028,35.7751,35.2284,35.4808,34.1229,35.2189,33.1248,32.5923,32.9679,32.1799,30.0236,31.1519,28.4166,29.8005,29.5480,29.2523,27.0352,27.3996,26.5971,24.9156,27.0421,24.4772,28.4459,25.2604,28.0252,26.5639,28.2497,26.8578,26.0721,27.5855,25.2360,24.7517,23.5223,25.0220,26.1448,26.1228,23.6087,23.0854,23.7280,24.5858,24.1060,25.4071,24.5616,25.3278,25.6772,25.0159,25.7343,26.2547,29.5010,28.1382,27.6898,27.9548,26.5377,27.4313,29.2304,28.6114,27.8861,28.4459,28.9347,27.5656,28.1240,26.9557,25.5764,26.7373,27.5149,27.6854,27.3293,26.8229,27.3667
2.5639,1.7926,1.2943,0.2312,0.8977,0.5245,0.0000,1.4975,0.3301,2.3620,2.7913,2.8017,2.9001,3.3487,4.0838,3.8613,5.4657,6.1333,6.0452,4.6625,5.0265,5.7368,7.0548,7.4406,9.2318,11.0729,10.7849,9.9923,10.3969,9.7769,10.6667,10.8977,11.4618,11.8587,10.5075,10.9047,11.2646,10.8380,12.5894,9.9532,11.5996,11.2121,11.4383,11.5935,11.3221,12.3268,10.9771,12.2934,10.7069,13.3406,13.1957,15.2465,13.5567,13.0769,13.0939,14.1813,13.1383,12.4911,11.1256,10.2975,10.3385,9.2230,9.6337,7.9857,10.2247,8.4883,9.0811,10.5523,10.4501,10.2603,11.5126,10.0660,9.7584,10.4303,10.2602,11.7773,12.1111,12.6368,12.9480,12.8276,14.1491,16.1276,15.8550,14.8543,17.9843,17.1467,17.1558,19.0241,17.4368,15.7789,17.3627,16.0365,18.0071,16.3988,16.2051,17.1020
2.0502,1.6689,0.7499,0.1255,0.4725,0.0000,0.0000,0.1793,0.0000,1.9831,1.5382,2.8361,3.0204,1.7973,2.1506,2.1539,2.4284,4.3094,2.8807,1.5048,2.1505,2.7062,4.3665,4.5615,5.9723,8.0858,7.0801,6.2441,6.3414,6.5198,6.4451,6.5657,7.1606,8.2759,5.7325,6.3620,6.4065,7.2242,8.3563,6.2806,6.9565,6.7042,6.6876,7.2310,5.9317,6.5671,6.3464,8.2128,5.7521,7.9546,7.9279,10.3953,8.8882,8.6923,7.9903,9.4526,9.4202,9.2915,7.0094,6.0300,6.9743,7.0488,6.3926,5.9399,7.2865,5.8096,6.1531,7.8377,7.0296,7.5898,8.1680,7.1948,6.4141,7.6445,6.5806,8.9191,8.7043,9.7386,10.4800,10.0680,9.7006,12.6775,12.1760,11.8690,14.3913,14.1193,12.8520,14.3357,13.6046,11.9463,12.4279,11.7849,13.5632,11.0739,11.5062,11.9815
22.5459,22.1873,21.6005,20.9977,20.8927,19.6238,20.0350,19.7793,19.7007,20.4263,20.3354,21.2895,21.6492,19.6223,20.4599,19.7064,18.5545,19.3001,18.0755,16.9592,17.1983,16.8407,17.5700,17.5583,18.4041,18.3095,17.7979,16.4626,16.5227,16.7812,15.9889,16.2899,15.4701,16.2576,14.9119,14.6717,13.9116,14.3690,15.5837,13.9609,13.9459,14.1007,13.4960,13.3215,11.5754,11.4041,11.5095,12.8347,11.8477,12.7469,12.6193,13.9026,13.7274,13.4235,13.8073,14.3085,15.4456,15.6725,13.3925,13.1646,14.7470,15.9479,15.6603,15.9450,15.7408,14.6595,15.0750,15.8003,15.6588,16.0353,16.5343,15.7302,16.0364,16.4879,16.1039,17.0225,16.7998,17.4243,16.7530,16.3616,15.6465,16.4957,15.9909,17.3010,16.9679,17.2110,16.1338,15.2671,16.1663,15.1849,14.7001,14.9181,16.1370,15.0814,15.1979,14.9142
41.7192,40.5685,40.1419,40.2740,39.2131,37.6570,38.1010,37.7908,36.9348,37.1922,37.2217,37.4215,37.9900,35.5169,34.7213,33.8045,34.1654,33.4911,33.8035,30.7804,32.5897,31.4641,32.1753,31.9312,31.8242,32.6460,32.4022,30.3000,31.3971,31.4169,32.6247,31.7410,30.1977,29.0313,29.5809,28.2836,28.4924,26.1099,26.8690,26.1216,25.7265,27.4601,25.8326,24.5937,24.0026,23.9863,22.9402,23.3370,22.6676,24.1201,23.6601,24.0553,22.3252,23.8531,24.6864,23.8767,24.2893,23.0349,22.7825,20.8723,23.6877,25.5963,23.5124,24.1915,20.9035,20.1000,20.2399,20.2046,22.1377,22.0132,23.8141,22.5926,22.9220,22.1630,21.6243,23.5624,23.3943,23.1175,22.4122,21.2019,20.0475,20.1097,19.7170,20.4232,20.3321,20.9315,19.8781,16.9433,18.6467,17.0914,15.9298,15.4869,15.9684,14.4736,16.1623,14.5533
61.0036,57.7740,56.0337,55.1141,52.6587,50.6040,49.8963,49.2549,48.2189,47.3770,46.4248,45.3782,45.4339,43.6616,43.1760,41.4732,41.1447,38.5808,37.5748,35.5712,35.7458,35.1105,34.9246,35.5683,34.4189,34.1258,33.6023,30.1230,30.2648,29.9719,29.8918,30.4957,30.0032,28.4007,27.8558,27.0948,26.7608,25.3947,26.6646,25.4120,26.0205,26.3201,25.4027,23.5475,23.3375,21.8383,21.6311,22.9870,21.6085,23.4407,23.2013,23.7497,21.9895,23.1636,22.9443,22.8504,22.5121,19.2837,19.3143,17.6304,19.5058,20.1628,19.7133,18.3588,16.6993,16.1325,16.3560,16.4479,16.8472,17.2765,18.5944,17.1759,17.7374,17.9809,17.9920,20.3104,19.1435,18.0869,19.4225,18.9496,19.0637,18.8330,19.0619,19.3999,20.3150,21.3745,20.5401,19.3520,20.5952,18.6418,19.5590,19.1868,20.4040,19.7489,18.5091,19.0763
0.0000,0.0000,0.0000,0.0000,0.0000,0.0000,0.0000,0.0000,0.0000,0.5236,0.6287,0.0000,0.2032,0.5751,0.8704,0.8050,2.0535,1.1997,0.3190,0.0000,0.2375,0.0000,0.4035,1.7558,2.5289,5.0593,4.4309,2.4355,4.6028,4.6750,5.7607,7.1945,7.4320,7.3029,7.4182,8.6340,9.2291,7.7611,9.6026,8.6384,8.2382,9.3187,7.5062,7.2886,8.2522,6.7819,6.3661,6.5824,4.1062,7.1064,6.7839,7.9127,5.4496,7.0052,6.2688,8.2853,7.1013,5.3236,2.2515,1.3719,1.7965,1.1910,2.9346,0.9009,0.5831,1.6360,0.0000,2.1292,0.0000,2.0665,3.2415,3.9835,3.5750,3.0818,3.6332,5.8540,5.2101,4.8849,6.9029,6.7181,7.4739,9.7768,9.5994,8.7929,9.6336,10.7398,9.7201,11.4132,7.9917,8.3182,9.8485,8.5361,7.6324,8.5492,7.8598,7.8763
0.0000,0.0000,0.0000,0.0000,0.0000,0.0000,0.0000,0.0000,0.0000,0.0000,0.0000,0.0000,0.0000,0.0000,0.3596,0.5608,0.3572,1.4540,0.1301,0.0000,0.0000,0.3651,1.1796,1.0679,3.6873,5.3180,4.0562,4.0221,3.8443,3.6474,4.5757,5.5644,6.3087,5.9394,4.8751,6.0779,5.7209,5.0615,7.0964,3.5907,4.2368,4.2188,4.4231,4.2030,4.7925,3.0449,1.2984,3.9471,1.6490,3.8581,3.8631,4.6552,2.6701,2.5696,3.9936,5.0307,6.0446,3.5666,1.6935,2.0832,1.2005,2.0037,2.0446,0.4195,2.1753,1.3217,0.9331,2.2156,1.7530,1.0209,1.6360,1.4705,0.0621,0.4854,0.7360,2.9091,3.2511,3.1790,2.6890,2.8804,3.4531,7.0255,5.8023,4.6604,6.5785,7.8061,5.6880,5.8246,3.4566,3.1115,5.3031,4.2717,3.9625,4.7451,3.8785,3.2708
0.4471,0.8235,1.1644,0.0000,0.0000,0.0000,0.0000,0.3036,0.0000,1.3733,1.9475,1.3383,2.4890,0.8052,1.5940,0.1636,0.3126,2.0057,0.8527,0.0000,0.0000,0.0000,0.7279,0.6981,1.9278,2.8796,2.5728,1.2697,1.5352,1.4229,1.7215,2.3928,1.4644,2.7192,1.5321,2.0640,1.6712,2.6056,4.0948,2.4755,3.0223,3.2155,4.4169,4.4157,2.4715,4.0791,2.2866,4.7710,2.8753,5.9170,4.8837,6.3835,5.8501,5.5921,5.5028,6.8344,7.8030,6.3968,4.4503,3.8339,4.6713,5.1249,4.1749,2.8561,3.8564,2.7554,3.0689,3.3340,3.9825,3.0311,2.8203,1.5018,1.7403,2.8258,1.7255,3.3664,3.5950,4.2145,4.4832,4.5175,4.0697,6.7950,5.5382,5.4153,9.1325,8.1318,8.1190,8.8982,9.0353,6.6791,7.4898,7.3239,8.8506,6.4314,7.6200,7.9035
56.7163,55.5199,52.8556,50.7118,49.5908,46.6731,47.0562,45.4029,43.8139,43.7227,43.4505,44.0560,43.3204,38.0075,37.5662,37.5113,36.1203,36.4097,36.1192,33.4391,34.8695,33.1496,34.3329,33.7793,33.4839,33.1739,33.1498,30.5005,30.9829,32.4922,32.9035,29.8987,30.7404,31.0736,29.5889,28.7932,28.4571,28.1924,28.1690,28.8970,28.4588,31.2079,28.7127,28.7199,28.3237,27.3418,26.2977,28.6304,28.2452,28.9454,28.6598,28.2914,28.6227,28.3370,28.6970,28.2409,28.3057,27.8900,27.1189,25.4514,27.7434,28.3671,28.6876,27.0569,25.2213,20.3932,22.0984,22.2300,23.1412,24.9106,25.3943,24.4508,23.9297,23.5806,20.2355,22.1332,22.2552,23.4019,22.8330,21.6613,19.3391,20.5021,19.9030,19.6311,21.8849,21.6375,20.0154,18.3625,21.2853,19.2573,16.6993,18.7587,20.5823,18.3088,19.6180,18.3521
14.0330,12.9955,12.5494,12.1699,12.2220,11.2619,11.4810,11.2895,12.2260,12.5905,12.0776,12.0048,13.1201,11.4916,11.3929,10.9052,11.2816,9.8488,8.6956,8.5815,8.1975,6.3496,6.7995,7.6330,7.5094,7.1449,6.9876,3.8874,5.4771,4.5520,4.6132,4.4322,4.1300,3.6997,3.6345,3.2914,2.8205,1.8099,3.6871,3.2059,2.5162,3.5676,2.5905,1.1648,0.9066,0.0923,0.4807,1.5113,0.0178,2.3977,1.7639,2.0517,3.0075,2.9479,3.2502,3.0513,4.8730,3.3672,2.1715,1.6565,2.4008,4.0498,5.0138,4.2612,3.2222,2.7137,2.2175,3.2101,2.1263,3.1563,4.0283,3.0715,3.3792,1.6313,1.3242,2.9430,0.9282,1.7240,1.4817,0.6591,0.6244,1.4009,0.6877,1.3775,1.3663,2.1567,1.0870,1.2695,1.1733,1.5551,2.0787,1.1388,2.4241,3.6199,3.2108,3.3817
2.6682,1.5314,1.9012,1.6292,2.8113,1.8433,2.4797,2.6428,2.8005,3.5486,3.9077,3.9298,5.9265,5.4190,5.1107,4.4297,5.0756,4.4327,3.0914,2.4948,2.7791,3.4410,3.1771,3.3774,3.9933,4.3768,3.0658,3.1531,2.9637,3.0840,3.3083,3.2396,3.4828,2.7221,2.7137,1.5968,2.2001,1.0156,1.6579,0.7109,0.2261,1.1724,0.0000,0.0000,0.0000,0.0000,0.0000,0.0000,0.0000,0.0000,0.0000,0.0000,0.0000,0.0000,0.0000,0.0000,0.1357,0.0000,0.0000,0.0000,0.0000,0.0000,0.5479,0.0000,0.0000,0.0000,0.0000,0.0000,0.0000,0.0000,0.0000,0.0000,0.0000,0.0000,0.0000,0.0000,0.0000,0.0000,0.0000,0.0000,0.0000,0.0000,0.0000,0.0000,0.0000,0.0000,0.0000,0.0000,0.0000,0.0000,0.0000,0.0000,0.0000,0.0000,0.0000,0.0000
7.1104,7.3504,7.9362,6.6007,7.4005,7.2219,6.9024,8.0553,8.7115,9.3395,9.8271,8.9104,10.1151,9.4558,10.2937,8.8426,9.0711,9.4133,9.1748,7.7601,8.4146,7.0417,8.4903,8.5648,8.9900,9.3117,9.4869,9.4136,8.5511,8.1112,8.4639,7.8909,7.1360,6.7503,6.2211,6.8685,6.2571,5.4278,6.6855,4.1377,5.3371,5.2186,5.2961,5.0708,3.3483,3.9857,2.0344,4.0241,2.3683,4.9516,3.6933,5.9177,4.2496,5.6833,4.8526,6.0085,6.9247,6.1435,4.2027,4.3625,5.8833,7.1040,6.2969,5.8422,5.6262,5.6463,5.1097,6.3156,6.5730,6.0095,5.8319,5.6950,5.1684,5.2699,3.9335,6.3616,5.1324,5.4661,4.8999,4.3047,3.6984,5.0973,3.9214,4.1771,4.2554,4.9996,4.7984,4.3133,3.5530,1.8987,2.5550,2.0776,3.9386,2.4525,3.3660,3.2561
22.8052,22.4331,21.9059,20.9772,21.3361,19.8771,20.9612,20.8732,21.1932,22.1594,21.9421,22.3003,23.5416,20.5167,21.0377,20.8504,20.1702,20.4333,19.5416,17.9853,18.5731,17.5962,19.0539,18.9075,19.5447,18.8530,18.3912,16.4535,16.8821,16.6701,16.9187,16.1739,16.0768,16.2473,15.3920,15.2510,14.9414,15.4150,15.6856,15.3823,14.9744,15.6002,15.1046,15.2052,13.3887,13.5165,12.7755,15.5596,13.9009,14.9494,15.2610,16.1404,16.0082,16.0361,16.0323,16.5942,17.8040,17.0261,15.5132,15.4121,17.5044,19.0437,18.3199,17.9883,17.9136,16.2224,17.5612,18.0265,18.3509,19.2070,18.4542,17.5781,17.3357,16.9461,16.0660,17.0160,16.8571,17.2594,16.7651,15.7720,14.9402,15.4920,15.3049,15.4832,16.7350,17.2977,15.4182,14.3995,15.5669,14.2445,13.0771,13.7865,15.6129,13.6708,14.8362,14.3280
0.0000,0.0000,0.0000,0.0000,0.0000,0.0000,0.0000,0.1883,0.4880,1.1256,1.3819,1.5542,3.1449,1.7491,1.7263,2.3120,2.4956,2.2813,1.3239,1.2409,1.4591,1.4262,0.8519,1.4558,1.9492,2.2294,2.2316,0.7283,1.9125,2.1909,1.7145,2.3742,2.0972,2.0828,1.7306,1.4849,1.4673,1.1913,2.2579,1.7844,1.0998,1.6244,0.8143,0.3442,0.9510,0.2198,0.6571,1.2124,0.0000,1.4160,1.3288,1.3417,1.4802,1.0465,1.8412,2.5904,3.4417,2.5769,1.7597,2.2259,2.6792,3.6984,3.6009,4.4559,3.8293,4.1051,3.7590,4.5333,4.3169,5.0428,5.3624,4.7114,5.6000,4.6387,4.8519,5.8541,5.2842,5.3596,5.3144,5.1050,5.0672,5.4514,5.0610,4.6407,5.2408,5.7216,4.6107,4.3813,4.1470,4.0996,3.9842,3.2104,3.4286,3.8845,4.2927,3.2135
74.0328,73.4362,73.8534,73.0830,70.1307,69.4861,71.6105,69.2132,66.7555,65.0343,63.1688,64.9434,63.0664,60.3645,59.9129,60.7494,56.5411,56.9164,58.7869,55.2616,55.8535,53.7364,54.8163,54.3185,55.6626,54.0568,55.2890,53.2957,53.3056,53.5935,58.4246,54.2639,51.2430,49.9929,49.5265,47.5628,48.4449,46.5391,47.3776,47.7385,46.3202,49.9623,43.6503,45.6013,46.2952,46.6055,46.2360,45.3068,43.5255,40.6504,41.2582,41.8895,42.2090,43.3971,45.7002,45.0075,46.2460,48.4318,47.3746,41.3112,51.4844,55.3997,50.9048,49.4506,46.7522,42.4001,41.9764,44.9172,46.3546,50.8843,52.4177,48.0250,50.5252,46.2724,42.6469,49.5702,48.0018,45.2966,46.0197,38.5584,35.3781,32.7693,34.6834,34.9794,37.5342,36.3772,36.8192,32.0025,34.0307,31.0571,29.0975,31.8498,32.5365,30.6385,32.6621,32.3066
73.3567,69.9496,68.3708,66.9695,65.0052,61.7844,60.7675,61.2193,60.6722,60.0509,59.3707,58.7591,59.3033,56.7960,57.0308,55.0576,55.9078,53.6271,51.5680,49.2290,50.6577,47.9920,49.8829,50.8799,50.5593,50.9900,50.9691,45.0674,46.3679,45.2579,45.9912,45.6942,44.1817,43.3590,43.1217,41.5801,40.1702,37.8345,40.1300,36.9468,36.8625,38.2916,35.9317,32.6337,30.8320,29.9172,28.9702,30.2631,29.2923,31.7252,30.5426,31.8400,29.3906,32.5314,32.1763,31.8817,33.1322,30.5207,28.6915,26.7060,30.6227,32.4579,31.3056,30.8100,27.6165,28.0442,28.9379,29.5849,30.9764,32.0950,34.1528,32.2099,32.2777,32.7212,32.3321,35.7838,34.1990,34.9649,34.5687,33.1690,31.6505,31.5128,31.2492,32.5738,30.6341,31.7181,29.5967,27.4620,29.8368,27.0155,26.8081,26.9028,27.6829,26.8604,26.1058,26.4839
67.0279,63.1301,62.0985,60.8244,60.6347,57.5031,58.6699,58.4584,58.6086,58.5076,58.1827,58.3942,59.4400,58.1026,56.5949,55.3085,56.7881,54.3532,52.4973,51.0869,50.8846,51.3100,51.6723,52.6038,52.6047,51.9491,50.4580,47.0493,47.2893,45.8671,46.3978,46.0798,45.3710,44.1702,41.9345,41.7293,40.7707,38.4148,39.9097,38.1461,37.4239,38.7057,37.4808,34.4772,35.7153,33.0859,32.5896,35.3550,32.6859,35.5413,34.9300,36.8532,34.8709,37.2988,37.2285,37.0950,38.0736,36.2077,34.3331,33.4496,34.6134,37.7099,37.0532,35.0828,33.5433,33.0714,34.0446,33.3652,34.1636,33.7722,34.6561,34.5019,33.6747,34.2906,34.1856,37.2274,35.6301,34.9760,35.1302,34.5272,33.3816,35.1373,34.8520,34.4664,35.5418,37.1655,34.0091,33.6585,34.3582,32.2067,33.5856,33.6132,33.0846,33.9919,32.7394,32.8599
19.7347,18.4909,17.9953,16.9599,17.1543,16.6712,15.7220,17.0994,17.0907,18.4263,19.0048,18.4062,19.1672,19.2093,20.4592,19.9008,20.6578,20.3140,20.0603,18.2673,18.6468,18.3340,19.8790,19.2747,22.1190,23.2682,22.7476,20.5110,21.3705,20.7266,21.1841,21.9680,22.0387,21.6243,19.7932,21.1513,20.1949,19.0989,21.2150,18.0703,19.6077,19.9408,18.8888,18.1730,17.3923,16.7291,15.5481,16.5642,14.6394,18.9011,18.4590,19.3601,18.1940,18.1944,18.1992,18.7517,19.6182,18.4030,16.3885,15.2081,16.0404,15.6222,16.6015,13.9629,14.9373,14.5492,14.2258,15.4295,15.8819,15.8986,18.4824,16.5359,16.5875,17.2591,17.0391,19.7876,19.2805,18.8118,20.1512,19.1753,22.2481,22.4023,22.5439,21.6532,23.3413,23.3416,22.8928,23.6682,21.6507,19.8155,21.5345,20.8002,21.1049,21.0284,20.3998,20.6855
76.4744,75.3957,74.0463,73.2352,73.0363,70.2032,70.5679,69.4970,69.0011,69.4996,68.8180,69.4533,69.4148,67.2054,66.6970,65.5512,65.3254,65.3050,63.7521,61.6997,62.4816,61.1116,63.5347,62.9315,63.3776,63.3492,62.0551,61.8499,60.5044,60.0128,60.4931,58.9300,58.9914,58.6758,57.0308,56.6859,56.4520,56.1679,56.9508,53.9460,55.4948,54.9992,54.5163,53.2100,51.2036,50.9629,50.3226,51.6601,49.7540,51.0612,50.9311,52.5724,50.6471,52.2354,50.6652,50.4806,52.1410,51.1191,49.3056,47.4904,50.9983,51.8196,50.5879,49.8232,49.1683,48.5535,49.9178,49.9519,50.0910,50.4706,51.3511,50.1207,49.9904,50.9114,50.6820,52.8500,52.8202,53.3947,53.1573,51.5562,51.6137,53.1163,52.5469,52.8802,53.6116,53.8412,52.5269,51.5456,52.6581,50.2870,50.5597,50.5660,51.2082,49.2292,50.1452,50.6610
35.7708,35.1757,35.1915,35.2871,35.2809,34.2335,34.5087,35.7994,35.9042,36.8605,36.9232,37.6102,37.6113,36.9755,38.1658,36.1774,37.6906,38.3652,36.3484,35.7799,35.7596,35.6120,36.2843,37.3567,37.8687,39.4935,39.7558,35.8941,36.7848,36.4489,36.3923,37.5643,36.0357,35.9488,35.5800,34.4489,34.6157,33.3960,35.4141,33.8860,33.2821,34.2625,33.3206,33.1870,32.9378,33.1591,33.3500,34.8159,34.4838,35.4604,35.2830,37.7954,36.4030,36.7876,38.4660,39.2753,38.8428,38.3785,36.8944,36.2474,36.6861,38.7429,37.8186,38.5921,38.5039,36.9163,37.0724,38.5151,37.8237,37.2987,38.5513,37.9514,37.6556,37.5345,37.7784,38.2409,37.3391,38.3542,37.4290,38.0384,36.6292,37.1946,36.5950,38.0504,37.5444,38.9834,38.0740,37.5691,36.9905,36.8633,37.5799,36.8388,38.0988,37.6712,36.6770,37.4604
0.9559,0.0610,0.0000,0.0000,0.6679,0.3791,1.3756,1.7091,1.5365,4.4588,4.4319,4.6677,5.7821,5.3817,5.7530,6.4283,7.1171,7.3514,7.2187,5.4871,6.2202,8.2861,8.3296,8.7097,10.4291,12.1813,10.8525,10.3037,11.4146,11.2797,12.2795,12.3655,13.8842,13.8902,11.8880,13.3844,13.7727,12.8550,14.3180,12.5602,12.7797,14.0924,12.6917,12.8161,14.4696,13.4286,12.8634,13.9852,12.1033,15.2796,15.9150,17.3185,15.5291,15.5940,16.5476,17.8350,17.3738,16.0466,14.1147,14.6447,14.1168,14.1012,14.4864,13.3236,14.0197,13.5738,13.4378,14.9097,15.3791,16.3438,16.6126,15.7423,15.8850,15.3270,14.9582,17.5596,17.0016,15.7381,16.7827,16.7130,17.7026,18.8699,19.2114,17.5683,19.5928,19.5716,18.2160,18.9979,16.5898,16.1088,16.6269,15.4579,16.0592,16.2826,17.2046,16.0606
6.3553,7.3441,7.0885,6.3213,6.2351,5.7656,4.7764,5.9355,6.2295,7.5963,7.6024,8.0282,8.5063,8.1296,8.9781,8.9788,8.4447,11.3004,9.8433,7.9842,8.5223,7.9647,9.6491,9.4332,11.1322,13.6556,12.5410,12.0177,11.9108,12.4152,12.3083,12.7198,12.6924,12.5843,11.0517,12.3245,11.5824,11.5916,12.2998,8.3991,10.1069,10.0952,9.7882,10.6485,7.8904,9.3006,7.7711,9.1520,6.8788,9.8722,10.4157,11.0381,10.3353,10.6449,10.0581,12.7037,13.5055,12.0163,8.9612,8.7639,10.4843,10.0208,10.5720,9.4741,11.1699,9.7827,9.5499,11.9239,10.8960,11.5251,10.9288,10.6814,9.7254,11.0173,10.0703,12.2679,12.1878,12.7363,12.2174,12.4072,11.5620,14.8670,12.9296,12.1333,14.3524,14.0380,12.8373,12.1916,11.1232,8.7276,9.4614,9.8228,9.5834,8.3829,8.4877,8.0569
3.0941,3.3509,1.8107,1.9469,1.6373,0.5418,0.7275,1.2592,1.2466,2.6850,2.6841,3.7513,4.2918,1.8355,2.7497,3.3045,3.1308,5.4244,2.4967,1.3258,2.3279,1.6890,2.3622,2.6365,4.8646,5.4806,5.2801,2.9792,3.8877,4.5508,3.3201,3.7658,4.0661,4.4323,3.5923,3.9463,4.0703,3.9967,5.4737,3.4968,3.1122,4.1464,2.0931,3.0042,2.2286,1.5705,2.1409,2.8415,2.5240,3.8856,4.5144,5.9920,6.1983,4.7970,6.4774,8.2396,8.3974,7.2478,4.7524,4.0906,5.0067,6.2606,7.2906,7.6078,8.4116,5.6400,6.2630,9.5359,8.3171,9.7183,9.7373,8.3976,7.9618,7.6018,6.3466,6.8707,7.8450,8.5628,7.5027,7.6224,6.5197,8.0025,7.1451,7.5627,7.7009,8.6741,7.1515,6.4645,5.5374,5.1869,5.3229,5.0558,6.8285,6.0267,6.0059,6.0282
1.0529,1.1499,0.9892,0.5736,1.0081,0.6587,1.1919,1.1102,0.8259,1.6006,1.7272,2.2978,3.4056,1.7879,1.9498,2.1906,2.5953,2.8506,1.9968,1.4428,1.7850,2.4387,2.4049,2.2861,3.0683,3.3491,2.9677,2.3068,2.6105,3.2055,3.3253,3.0333,3.6200,3.6006,2.6129,2.5618,2.6195,2.5966,2.5618,2.2247,1.6775,2.2627,1.7897,1.5273,1.7371,1.4310,1.2215,1.6221,0.5338,1.6169,2.0882,2.2011,1.7390,0.9728,1.7807,1.7145,3.0517,1.6550,0.8851,1.1668,1.5851,2.2646,2.5674,3.1622,2.8468,2.5998,3.1842,4.0867,4.2660,4.3701,4.5491,4.1115,4.4981,4.6334,4.3196,5.1920,5.1281,5.0876,4.7818,4.3383,4.6557,5.0626,4.5065,3.8861,5.4129,5.2890,4.4482,3.7950,3.5204,3.1412,2.6097,2.4021,2.2699,2.6140,3.2077,2.2808
0.6456,0.8356,0.2815,0.2765,0.0000,0.0000,0.0000,0.0000,0.0000,0.0000,0.2661,0.2423,0.5748,0.0924,0.7106,0.5199,0.2974,1.0019,0.0000,0.0000,0.0000,0.0000,0.0000,0.0000,0.2949,0.1897,0.1835,0.0000,0.0000,0.0000,0.0000,0.0000,0.0000,0.0000,0.0000,0.0000,0.0000,0.0000,0.0000,0.0000,0.0000,0.0000,0.0000,0.0000,0.0000,0.0000,0.0000,0.0000,0.0000,0.0000,0.0000,0.0000,0.0000,0.0000,0.0000,0.0000,0.0000,0.0000,0.0000,0.0000,0.0000,0.0000,0.0000,0.0000,0.0000,0.0000,0.0000,0.0000,0.0000,0.0000,0.0000,0.0000,0.0000,0.0000,0.0000,0.0000,0.0000,0.0000,0.0000,0.0000,0.0000,0.0000,0.0000,0.0000,0.0000,0.0000,0.0000,0.0000,0.0000,0.0000,0.0000,0.0000,0.0000,0.0000,0.0000,0.0000
2.3875,2.4651,2.5137,2.4543,2.7073,2.3758,2.2323,2.5367,2.8205,2.9251,3.2946,3.3033,3.6831,3.2027,3.5334,3.2212,3.1856,3.7398,3.1575,2.7528,2.7783,2.6765,3.1428,3.1792,3.6377,3.7113,3.5434,2.9157,3.0464,3.2437,3.2232,2.8935,2.8108,2.8280,2.5347,2.7356,2.0872,2.2265,2.3094,1.9851,2.0614,2.3769,1.7376,1.5740,1.2674,1.2133,1.0911,1.4848,1.3184,1.6581,1.8557,2.0676,1.9068,2.2551,1.9130,2.6240,2.7672,2.6910,1.5218,1.3969,2.2489,2.6311,2.9653,2.8695,2.5254,1.9594,2.4075,3.0326,2.8220,2.8668,3.1581,3.2203,3.1250,3.2152,2.9753,2.9035,3.1363,3.3585,2.9571,2.8854,2.2057,2.5749,2.4134,2.5246,2.4885,2.7403,2.1101,1.2649,1.2883,0.6780,0.5422,0.8029,0.8928,0.5957,0.7706,0.5222
2.1718,2.0805,2.3917,2.3562,2.3884,2.0682,2.4749,2.6902,3.0739,3.5226,3.5399,4.0916,4.6931,4.5013,4.1914,4.2867,4.4179,5.0354,4.7462,4.3870,4.3708,4.8200,4.2573,4.9617,5.0877,5.3855,5.4322,4.4103,4.8832,4.3782,4.2347,4.1119,3.8076,4.1000,3.5366,3.0544,2.6792,2.4836,2.5616,2.2904,1.6327,2.0926,1.5382,1.2540,0.9080,0.7991,0.4403,1.0421,0.5654,0.9879,1.0742,1.4559,1.2085,1.7052,1.9662,2.8433,2.9676,2.7011,1.7338,2.1613,2.5430,3.5603,3.2894,3.8913,3.5461,3.5004,3.8253,4.3374,4.1585,5.0279,4.6559,4.7916,4.5531,4.4435,3.9590,4.7825,4.1978,4.4905,3.9161,4.0370,2.5697,3.3129,2.8751,2.9910,2.4596,3.1047,1.8560,1.2501,1.5596,0.8180,0.9096,0.6137,0.3787,0.3542,0.3864,0.0000
0.0000,0.0000,0.0000,0.0000,0.0000,0.0000,0.1308,0.2920,0.6354,0.8818,0.9806,1.3232,2.4242,1.7099,1.4645,1.8194,1.9299,2.2788,1.9563,1.5261,1.9337,2.0624,1.9147,1.9718,2.4880,2.4080,2.2471,1.5492,1.8729,1.9417,1.8778,1.8098,1.5437,1.6089,0.7546,1.2143,0.9938,0.8257,0.8382,0.1394,0.0000,0.3680,0.0000,0.0000,0.0000,0.0000,0.0000,0.0000,0.0000,0.0000,0.0000,0.0000,0.0000,0.0000,0.0000,0.0373,0.9362,0.2163,0.0000,0.0000,0.1540,1.0827,0.7865,1.2714,1.1772,1.1968,1.6435,2.0878,2.2676,2.3550,2.2951,2.1797,2.3536,2.2201,1.7682,2.3460,2.3009,2.3154,1.9045,1.3244,1.2567,1.1741,1.2470,0.8520,1.2915,1.1460,0.6151,0.1113,0.0000,0.0000,0.0000,0.0000,0.0000,0.0000,0.0000,0.0000
6.1038,6.1801,5.8643,5.5062,5.0716,4.9667,4.7195,4.7905,4.7879,4.6946,5.1027,5.0296,5.6393,4.6705,5.2024,4.9570,4.8848,4.9219,4.6386,4.2379,4.2358,3.9715,4.0086,4.1295,4.3718,4.3412,4.3198,3.2685,3.4130,3.5968,3.3520,3.2671,3.4721,2.8962,2.6351,2.5645,2.1310,1.9997,2.0429,1.6114,1.2844,1.7065,1.2068,0.9068,0.5949,0.0000,0.0131,0.4238,0.0000,0.4757,0.4710,0.3452,0.3903,0.2635,0.1742,0.5331,1.4631,0.3521,0.0000,0.0000,0.6139,1.0107,1.5108,1.4455,1.0367,1.0587,1.2520,1.9749,1.9568,2.1131,2.1136,2.1422,2.1161,2.1675,1.9186,2.6789,2.2361,2.2203,2.0852,1.5221,1.9066,1.6784,1.3952,1.1740,1.8519,1.8076,1.3393,0.2406,0.5941,0.0000,0.0000,0.1225,0.0000,0.0000,0.0000,0.0000
22.8224,21.1835,20.5896,21.9691,21.5331,21.1457,22.2992,22.2002,21.0688,20.6222,21.1196,21.3365,21.6341,21.0848,20.7506,19.6106,20.7258,20.3377,19.1382,17.1133,17.4760,17.6238,18.3931,17.5242,17.1193,16.9584,17.2083,15.8991,16.9938,17.1757,17.1009,17.2000,15.6504,15.9364,16.2258,15.7242,15.1918,15.4797,15.5822,15.7790,15.9187,15.3125,14.4201,13.1083,14.2051,13.2956,13.0904,13.9750,14.1724,15.0822,16.2151,16.7001,15.5150,16.4803,15.9472,16.9779,18.8086,16.3410,16.0670,15.1770,16.6776,17.6590,17.4271,18.5634,17.3134,15.7563,17.4391,16.4590,15.1064,16.1287,17.7929,16.5719,17.9591,17.6886,16.5716,17.0124,17.1788,17.9074,18.3681,17.6458,16.1755,16.0485,15.3414,14.9423,14.6828,17.1567,15.9722,14.3713,15.4893,14.4331,15.6346,14.6469,15.3155,14.2907,13.6935,14.8318
10.5111,9.3910,9.0459,8.4041,8.2981,7.6606,7.4024,7.6683,7.2650,7.2537,7.2061,6.9270,7.5212,6.5639,6.7906,6.0178,6.4656,5.8307,5.5362,5.3795,5.5613,5.4124,5.7318,6.1971,5.9686,6.1456,6.0404,5.1043,5.0170,5.7265,5.1755,5.6779,5.3852,5.4568,5.0825,4.8877,4.6622,4.2917,5.0208,4.5416,4.6220,4.9704,4.3816,3.5914,4.1956,3.3812,3.4624,3.8823,3.6340,4.3434,3.4498,4.1653,3.8268,3.8944,3.5963,3.7155,3.6845,3.1406,2.7347,1.7116,2.3156,2.7147,2.6549,1.9806,2.0815,1.8547,2.1788,2.3829,2.8084,2.6816,3.1262,3.0150,3.1625,3.4809,3.5608,4.0506,3.6927,4.2077,3.9600,3.5997,3.8308,4.0504,4.3914,4.3863,4.5484,4.7892,4.3685,4.4474,4.2057,4.0821,3.9480,4.2160,4.5146,4.4081,3.7235,3.9943
0.0000,0.0000,0.0000,0.0000,0.0000,0.0000,0.0000,0.0000,0.0000,0.0000,0.0000,0.0000,0.0000,0.0000,0.0000,0.0000,0.0000,0.0000,0.0000,0.0000,0.0000,0.0000,0.0000,0.0000,0.0000,0.0000,0.0000,0.0000,0.0000,0.0000,0.0000,0.0000,0.0000,0.0000,0.0000,0.0000,0.0000,0.0000,0.0000,0.0000,0.0000,0.0000,0.0000,0.0000,0.0000,0.0000,0.0000,0.0000,0.0000,0.0000,0.0000,0.1637,0.0000,0.0000,0.0000,0.2600,0.0156,0.0000,0.0000,0.0000,0.0000,0.0000,0.0000,0.0000,0.0000,0.0000,0.0000,0.0000,0.0000,0.0000,0.0000,0.0000,0.0000,0.0000,0.0000,0.0000,0.0000,0.0000,0.0000,0.0000,0.0000,0.0000,0.1171,0.0000,0.5464,0.7562,0.2904,1.0043,0.3974,0.0000,0.6620,0.1808,0.1014,0.5659,0.3803,0.1301
0.0000,0.0000,0.0000,0.0000,0.0000,0.0000,0.0000,0.0000,0.0000,0.0000,0.0000,0.0000,0.0000,0.0000,0.0000,0.0000,0.0000,0.0000,0.0000,0.0000,0.0000,0.0000,0.0000,0.0000,0.0000,0.0000,0.0000,0.0000,0.0000,0.0000,0.0000,0.0000,0.0000,0.0002,0.0000,0.0000,0.0000,0.0000,0.4180,0.0000,0.1410,0.0000,0.2980,0.2169,0.0000,0.0000,0.0000,0.1969,0.0000,0.6468,0.4251,0.4750,0.3439,0.1030,0.0000,0.1044,0.5573,0.0000,0.0000,0.0000,0.0000,0.0000,0.0000,0.0000,0.0000,0.0000,0.0000,0.0000,0.0000,0.0000,0.0000,0.0000,0.0000,0.0000,0.0000,0.0000,0.0000,0.2111,0.0011,0.0000,0.1945,1.0985,0.9095,0.9183,1.8234,1.8312,1.5356,1.5770,1.3825,1.0475,1.5837,1.4364,1.5126,1.3759,0.8441,1.3336
1.6896,1.5873,1.3595,1.1807,1.0899,0.8268,1.0164,0.9178,0.6847,1.1228,1.0546,1.2018,1.3512,0.6545,0.8342,0.5832,0.5998,0.6993,0.2652,0.0000,0.0243,0.1375,0.1619,0.3434,0.4158,0.6044,0.4415,0.2540,0.2438,0.3790,0.1702,0.2903,0.0840,0.3807,0.0748,0.0505,0.1131,0.1954,0.7282,0.3727,0.2938,0.4899,0.2744,0.3348,0.1675,0.1587,0.4240,0.5901,0.2389,0.6934,0.5553,1.1655,0.8079,0.6967,0.8829,1.1008,1.1828,1.0703,0.2995,0.2119,0.4288,0.7866,0.7155,0.6810,0.5574,0.3687,0.3441,0.5999,0.6303,0.7879,0.7611,0.4697,0.5154,0.6419,0.5651,0.8180,0.8434,0.9053,0.7739,0.7940,0.5600,1.0500,0.9631,1.2569,1.4060,1.5226,1.2903,1.7214,1.4570,1.4668,1.4494,1.4139,1.7429,1.5604,1.6881,1.5410
0.3995,0.3595,0.2567,0.2492,0.3137,0.1852,0.1764,0.2050,0.2140,0.2637,0.2078,0.2657,0.3563,0.1451,0.2500,0.1916,0.1812,0.2140,0.0588,0.0000,0.0000,0.0000,0.0807,0.0420,0.1478,0.2367,0.0439,0.0000,0.0000,0.0140,0.1634,0.1548,0.2232,0.1328,0.1479,0.1363,0.1646,0.0853,0.1590,0.0942,0.1547,0.2462,0.1731,0.2326,0.0708,0.1731,0.0250,0.2199,0.1438,0.2644,0.3638,0.4027,0.3294,0.3208,0.3754,0.3322,0.3887,0.2417,0.1209,0.1063,0.1759,0.3274,0.3252,0.1838,0.2213,0.0005,0.0924,0.1595,0.2621,0.1390,0.1909,0.1208,0.0839,0.0992,0.1063,0.1468,0.1774,0.1443,0.1194,0.1169,0.1027,0.2615,0.1771,0.2340,0.3361,0.4301,0.3047,0.1445,0.2130,0.2549,0.0910,0.1548,0.3907,0.3045,0.3377,0.2854
0.3965,0.3796,0.3541,0.3493,0.3122,0.3236,0.2929,0.3283,0.3189,0.3815,0.3700,0.3994,0.4046,0.3922,0.3828,0.4024,0.3840,0.4255,0.3854,0.3644,0.3520,0.3562,0.3579,0.4308,0.4195,0.4718,0.4707,0.3700,0.4298,0.4262,0.4125,0.4415,0.4421,0.4178,0.3776,0.3637,0.3444,0.3343,0.3163,0.3236,0.2939,0.2901,0.2731,0.2427,0.2001,0.2041,0.2127,0.2468,0.1918,0.3167,0.2763,0.3255,0.2739,0.3099,0.2921,0.3216,0.3362,0.2876,0.2967,0.2432,0.2876,0.2898,0.2647,0.3271,0.2375,0.2943,0.2751,0.2611,0.3025,0.2915,0.3202,0.3004,0.3080,0.3062,0.3216,0.4162,0.4241,0.3907,0.4382,0.3959,0.4005,0.4423,0.4212,0.4034,0.4588,0.4273,0.3884,0.3726,0.3811,0.3325,0.3463,0.3485,0.3222,0.3366,0.3366,0.3411
0.5203,0.4768,0.4795,0.4408,0.4652,0.4187,0.4157,0.4106,0.4465,0.4517,0.5073,0.5412,0.5642,0.5837,0.5839,0.6491,0.6042,0.6854,0.6905,0.5943,0.6582,0.6815,0.7261,0.7859,0.8225,0.9045,0.8703,0.8496,0.8436,0.9091,0.8956,0.8610,0.9352,0.9780,0.8998,0.9222,0.8416,0.7844,0.8479,0.7509,0.7203,0.7885,0.7280,0.6783,0.6146,0.7022,0.5586,0.6642,0.6073,0.6774,0.6815,0.6953,0.6287,0.7446,0.6841,0.7327,0.8603,0.7713,0.6773,0.7440,0.7950,0.8091,0.8307,0.8141,0.7230,0.6982,0.7561,0.8364,0.8596,0.9285,0.8654,0.9376,0.8839,0.9820,0.9729,1.0175,1.0351,1.0184,0.9988,0.9935,0.8636,0.9877,0.9147,0.8696,0.7983,0.7609,0.7001,0.6112,0.6566,0.5293,0.5294,0.5742,0.5351,0.5277,0.5106,0.4379
33.8835,32.5971,31.7901,31.5643,30.2739,29.3288,29.1203,28.6365,27.9871,27.2718,27.9163,28.2035,28.1039,27.3052,25.9579,26.3537,26.0665,25.9141,28.2859,24.8663,26.5761,25.5882,26.7356,26.7484,27.0059,28.8434,29.9726,27.5403,28.7355,29.3809,30.5324,29.2641,29.3440,30.1927,30.4747,28.9044,28.6741,26.2613,27.1990,26.9397,26.5790,29.6236,28.2520,26.3777,25.6270,26.5772,24.9167,25.4375,25.6917,27.1157,25.7604,25.3838,24.1128,26.2075,26.4528,24.9436,26.5531,24.6806,25.6010,23.7628,26.3546,26.1137,25.3027,24.4903,21.0906,19.2366,19.9815,21.0436,22.5948,25.2159,25.8525,25.5902,24.4924,25.5341,22.5895,25.0013,25.1556,25.3719,25.4914,23.2322,22.1034,21.9545,20.9579,21.2454,20.2069,19.0940,18.4133,16.2239,19.6653,15.8469,15.6378,15.9623,15.8710,13.8132,15.8548,14.1655
25.4234,23.1940,22.1194,21.6839,21.2639,19.8230,19.1269,20.4407,20.0498,20.0927,20.1277,20.8596,21.4117,22.1237,22.0335,22.5084,22.8632,22.3065,22.7727,20.2236,21.2333,21.2221,23.6183,25.1946,24.7699,28.4162,28.0249,25.1787,25.0150,26.1999,26.7072,26.2900,27.8386,29.8627,29.1975,27.3658,26.1082,23.5136,25.7186,23.5453,22.5733,26.0598,24.9626,21.8077,20.7035,22.8309,20.8959,21.5773,22.1680,23.6717,22.5501,23.4985,21.5055,25.4764,24.6429,24.1977,26.6269,24.1875,23.0113,23.5591,24.5064,25.0153,25.6280,23.7144,22.4356,20.9630,23.2113,25.4306,27.3694,30.3020,29.3220,30.3801,28.2551,31.7201,29.7012,31.9681,31.7153,31.7250,31.3098,30.2750,27.5486,29.6595,27.8182,28.5214,24.2628,23.6427,21.7244,21.3233,23.6444,20.0302,20.0918,21.5747,21.3879,20.6404,20.3193,19.1441
60.7712,58.2349,56.9626,54.7128,54.0075,51.1368,50.8524,50.0259,49.7499,49.0273,48.0970,47.9225,48.0202,46.6983,45.2481,44.5484,44.9411,43.0468,41.8140,40.8860,40.3362,40.2216,39.9665,40.4195,40.3506,39.6923,39.5974,35.7000,36.6556,35.1003,35.8206,34.4749,33.9340,33.5180,31.0690,30.6394,29.9709,28.6719,28.7476,27.4290,27.1582,27.6301,26.6365,24.4044,23.7506,21.0175,21.6647,22.0314,20.3011,21.7731,21.8886,22.3202,20.9737,21.6008,21.8402,21.1904,22.1534,20.4890,18.8273,17.9188,18.8036,20.6680,20.7631,19.9897,18.6838,18.2940,18.5252,18.4073,18.9476,20.5013,21.1482,20.2719,20.4649,20.2700,19.9564,22.2841,21.3821,20.8641,20.8278,19.7879,19.6582,19.3781,19.3584,19.2271,20.1387,21.0455,19.1180,18.1499,19.2241,17.3277,18.1475,17.8118,17.5709,17.9359,17.5223,17.8252
59.2976,56.9734,57.8282,56.4702,55.4454,52.7830,52.3102,52.2664,52.2588,52.0607,52.2307,51.9693,52.7364,51.7291,50.7603,48.8150,49.4294,48.3276,47.4836,45.3328,46.0220,45.2695,45.7689,47.0456,46.8913,47.2715,46.2513,43.8879,44.3651,43.1941,44.7336,44.8005,42.8959,41.7885,40.9789,41.3687,40.6601,38.4750,40.4066,37.9093,37.2777,37.2038,36.4813,34.0201,33.0581,31.7502,30.5066,32.0799,29.5245,30.8717,30.9599,31.8679,28.8783,31.4716,29.3907,30.0841,32.9099,30.2805,27.8583,26.4883,28.9570,31.6687,28.8463,30.0132,26.9238,28.8038,28.3444,28.8464,29.0044,27.5750,29.2947,29.1571,29.3935,29.2510,30.1206,33.0407,31.6968,32.5149,32.4364,32.1025,31.1636,31.1738,31.2882,31.8516,32.6402,33.2759,32.2392,30.0901,30.5501,28.1546,28.3388,28.4656,26.7388,26.5375,26.1964,26.8813
0.0145,0.0000,0.0000,0.0000,0.0000,0.0000,0.0000,0.4547,0.9937,2.9333,3.8509,3.2147,4.4141,4.1764,6.0422,6.4315,6.5463,6.4386,5.5094,4.9178,5.4512,6.1354,6.4160,6.7931,9.0917,9.7379,9.8007,7.9818,9.2057,8.9064,9.7836,10.1175,12.0007,11.3116,12.0346,11.6795,11.0417,8.6909,12.2474,10.5214,8.7746,10.8504,8.6288,7.2109,9.7735,7.5496,6.6703,7.6167,7.0309,9.8543,9.0049,9.7536,10.1335,10.1854,11.4708,12.8429,12.9836,10.1747,8.2366,9.8709,9.1706,10.0529,11.4639,10.1779,9.9039,10.6312,10.0922,13.2305,12.9635,13.7030,15.3226,14.9025,15.0115,13.9057,13.6891,15.8801,14.5814,14.0337,14.1456,14.2474,14.9516,17.3721,16.0187,15.7537,15.4691,16.9578,14.9278,13.9712,12.6516,11.9569,13.2613,11.5019,13.0158,13.0331,13.3835,12.4020
0.0000,0.0000,0.0000,0.0000,0.0000,0.0000,0.0000,0.0000,0.0000,0.0000,0.0000,1.4998,1.1236,1.5886,0.0000,0.2461,0.8586,1.4142,3.3762,1.6408,0.0000,0.0000,4.8915,1.3556,6.3207,4.6139,1.1592,2.9087,8.0476,2.0997,7.4284,3.5275,5.5457,8.1196,5.8242,7.5295,6.7610,6.2103,8.2187,1.2585,6.6125,5.2232,2.1261,2.2080,1.6919,3.7019,0.3613,6.8363,1.6937,5.4160,9.4605,6.0689,8.3212,7.1169,10.7704,8.8424,9.1021,7.5762,5.3744,2.7722,2.6959,0.5456,7.1684,0.0000,0.7548,0.0000,3.9604,4.8059,0.0000,3.2207,2.0185,1.1283,0.0000,0.0000,0.0000,1.6358,3.6577,0.0000,2.9319,2.7239,2.9590,5.1734,5.7210,0.0000,7.6180,3.1441,5.6570,6.4094,5.9465,3.5004,6.0986,1.2555,0.3936,0.0000,2.9215,3.7871
2.9633,3.1819,1.4398,1.0391,0.0000,0.0000,0.0000,0.0000,0.0000,1.5492,1.1519,1.5864,2.1241,0.0000,1.9345,0.4227,0.1374,1.3617,0.0000,0.0000,0.0000,0.0000,0.0000,0.0000,1.3645,2.8776,2.1305,0.7778,0.1611,0.4726,0.0000,0.0482,0.0659,0.7167,0.0000,0.2743,0.0000,0.0000,2.2005,0.0000,0.1799,0.0000,0.0000,0.0000,0.0000,0.0000,0.0000,0.0000,0.0000,0.0000,0.0000,0.4959,0.0000,0.0000,0.0000,0.2392,1.5028,0.2190,0.0000,0.0000,0.0000,0.0000,0.0000,0.0000,0.0000,0.0000,0.0000,0.0000,0.0000,0.0000,0.0862,0.0000,0.0000,0.0000,0.0000,0.2793,0.3985,1.5042,2.0751,0.4401,1.0851,3.7769,2.7323,3.5771,4.5097,5.1145,3.8278,4.3545,3.6889,1.7187,3.1877,2.6490,4.1034,2.0753,2.0667,2.6167
1.3936,0.8976,0.2454,0.1283,0.7421,0.0000,0.1719,0.1071,0.0000,1.0379,1.2666,1.7768,2.6515,0.2160,1.0851,0.3846,0.4561,0.5927,0.0000,0.0000,0.0000,0.0000,0.0000,0.0000,0.2857,0.4922,0.0000,0.0000,0.0000,0.0000,0.0000,0.0000,0.0000,0.0000,0.0000,0.0000,0.0000,0.0000,0.0000,0.0000,0.0000,0.0000,0.0000,0.0000,0.0000,0.0000,0.0000,0.0000,0.0000,0.0000,0.0000,0.0297,0.0000,0.0000,0.0000,0.7288,1.2154,0.2549,0.0000,0.0000,0.4896,1.8580,1.6060,1.3725,1.7244,0.0000,0.7204,2.4742,1.7869,2.9704,2.7543,1.8835,2.1682,1.0068,0.8876,1.4209,0.9029,1.2540,0.6794,0.3556,0.0000,1.0415,0.5050,0.2367,1.6423,2.2543,0.7090,0.0000,0.0000,0.0000,0.0000,0.0000,0.0000,0.0000,0.0000,0.0000
10.8762,10.5530,10.5345,10.1445,9.9569,9.3134,9.2477,9.1905,9.3254,9.1800,9.3531,9.4587,9.6085,9.6305,9.5289,9.4774,9.2956,9.3463,9.4930,8.6017,8.7408,8.8232,9.0525,9.5503,9.2236,10.0379,9.8274,9.1013,8.8119,8.9316,9.1036,8.9387,8.9935,9.2511,8.9605,8.5456,8.2955,7.7515,8.1059,7.6080,7.2180,7.9407,7.8635,7.3240,6.4831,6.9937,6.3209,6.7914,6.6114,6.6923,6.7352,6.8767,6.2154,7.1643,6.7535,6.9223,7.5635,6.9231,6.3677,6.5378,7.0753,7.5196,7.5638,7.2025,6.6656,6.2104,6.5176,7.2200,7.3843,7.9698,7.4524,7.8161,7.2613,8.0374,7.6372,8.1427,7.9592,7.8639,7.7169,7.6241,6.9007,7.1741,6.5463,6.7553,6.1917,6.0623,5.7327,5.0042,5.7679,4.6121,4.7385,5.2753,4.9828,4.7062,4.6682,4.5038
7.9665,7.4819,7.2940,6.8653,6.7059,6.4209,6.2999,6.4013,6.4165,6.6202,6.6086,6.5332,7.0021,6.3457,6.4575,6.3669,6.5586,6.3035,6.1039,6.0503,6.1578,5.8481,6.0340,6.3233,6.2870,6.1825,6.3793,5.3969,5.6097,5.7737,5.7322,5.4770,5.4522,5.5192,5.1262,5.0020,4.4695,4.3825,4.6423,4.3793,4.1702,4.4431,4.0612,3.4007,3.4985,2.8084,2.9938,3.1018,2.8694,3.2588,2.8170,2.9066,2.9900,2.9702,2.9022,2.8947,3.2074,2.8273,2.3608,2.1810,2.6524,3.1344,3.2084,3.2225,3.1756,2.9948,3.1687,3.5360,3.7582,4.0787,4.2578,4.1386,4.3951,4.1660,3.9216,4.4928,4.1676,4.4478,3.9655,3.7371,3.6794,3.5869,3.4276,3.3878,3.3836,3.5427,3.0268,2.5743,2.5085,2.4057,2.0524,2.3072,2.4622,2.4650,2.3346,2.4331
0.0000,0.0000,0.0000,0.0000,0.0000,0.0000,0.0000,0.0000,0.0000,0.0000,0.0000,0.1124,0.4486,0.3549,0.0900,0.3595,0.4938,0.5998,0.3954,0.0325,0.1213,0.4596,0.4040,0.7048,0.7772,1.1673,0.9208,0.6425,0.8250,0.7956,1.0414,0.9911,1.2317,0.9556,0.5980,0.9618,1.1036,0.6969,0.8405,0.3397,0.1350,0.4990,0.2654,0.1920,0.3200,0.1253,0.0000,0.0000,0.0000,0.0000,0.0833,0.1310,0.0000,0.0000,0.0225,0.2485,0.5653,0.0000,0.0000,0.0000,0.0000,0.0000,0.0277,0.0000,0.0000,0.0000,0.0000,0.2823,0.0557,0.2341,0.0909,0.1514,0.2335,0.1622,0.0000,0.6474,0.2631,0.0000,0.0780,0.1484,0.0227,0.6814,0.1979,0.0000,0.4068,0.3953,0.1189,0.0778,0.0000,0.0000,0.0000,0.0000,0.0000,0.0000,0.0000,0.0000
0.2535,0.3350,0.4184,0.0979,0.1566,0.0097,0.0000,0.2376,0.1556,0.3425,0.6163,0.5614,0.8399,0.5051,0.9486,0.6601,0.7911,1.1095,0.7434,0.3090,0.5968,0.3389,0.7370,0.7280,1.1747,1.3076,1.2975,0.9320,0.9983,1.2051,1.0585,0.9388,0.9689,1.0075,0.8020,0.9230,0.5576,0.5176,0.8708,0.2240,0.3489,0.3871,0.2305,0.0000,0.0000,0.0000,0.0000,0.0000,0.0000,0.0879,0.0000,0.1024,0.0000,0.0000,0.0000,0.3607,0.5829,0.2522,0.0000,0.0000,0.0000,0.0000,0.2070,0.1170,0.1149,0.0000,0.0000,0.5704,0.4929,0.2908,0.7046,0.3815,0.4810,0.4004,0.3654,0.7523,0.7654,1.1440,0.7143,0.6737,0.6604,0.8348,0.6942,0.5750,0.8999,0.9588,0.7084,0.2259,0.0430,0.0000,0.0000,0.0000,0.0000,0.0000,0.0000,0.0000
1.0590,1.0339,1.0094,0.9479,1.0386,0.8187,1.0429,1.1118,1.0825,1.5090,1.5721,1.6523,1.8503,1.4115,1.4941,1.4031,1.4644,1.7158,1.3148,1.0390,1.2322,1.2557,1.4311,1.4815,1.5952,1.7121,1.6342,1.3828,1.4391,1.4624,1.5393,1.1768,1.2338,1.4426,1.0387,1.1262,1.0848,1.1667,1.3259,1.1026,0.9671,1.2894,0.9848,0.9177,0.9321,0.8726,0.7803,1.1652,0.9554,1.2031,1.1127,1.6918,1.4446,1.5074,1.7335,2.1142,1.9258,1.9672,1.3473,1.5996,1.7421,2.1299,2.0864,2.2273,2.1782,1.8588,2.1141,2.4739,2.4114,2.6534,2.4872,2.4610,2.4820,2.3750,2.0681,2.3782,2.2150,2.3769,2.1404,2.2161,1.7152,2.0750,1.9648,2.0228,2.1789,2.2503,1.9323,1.9040,1.8510,1.5572,1.5019,1.4521,1.7711,1.5228,1.6557,1.5177
60.5824,59.3455,58.2445,57.5517,55.5004,53.9355,54.4846,52.4132,51.0599,49.6569,50.3078,51.3034,50.1645,46.3817,43.8366,43.5205,42.9457,43.5286,46.4456,42.8532,44.7783,42.6210,42.8892,41.7247,41.5798,41.8583,44.4356,40.6654,42.6093,44.2383,45.1571,42.8892,40.9206,40.5581,40.4723,38.5638,38.5628,36.2238,35.5118,37.2106,37.2653,40.7644,37.6159,36.8023,37.4053,35.9993,34.2811,35.7159,35.5304,37.1439,35.9954,34.2129,34.2801,35.3799,36.1437,34.5575,34.8992,33.9442,35.5032,31.7265,35.9122,35.6459,34.3382,34.0502,29.2176,25.5310,26.0733,25.3172,26.3097,29.3215,31.5825,31.0975,30.5614,29.2578,24.0553,27.2612,26.6178,27.7910,27.9748,24.7734,22.4788,21.8594,21.2983,20.4989,22.5358,22.7338,21.4184,17.9357,21.8726,18.4489,16.9246,17.1436,17.3842,14.2443,17.3424,15.6443
50.4605,47.7130,46.5598,45.0310,44.0636,41.5454,41.6072,41.0734,41.1926,40.9008,40.2517,39.9979,41.5552,38.8206,38.4460,37.1236,37.1721,35.1443,33.1740,31.9866,32.4721,30.1477,30.6888,31.8476,31.1071,30.7840,30.1466,25.9908,27.4415,26.0351,26.0480,25.7541,23.9538,23.0727,23.1134,22.0410,21.0618,18.9109,20.6600,18.9361,18.2596,19.1858,16.8123,14.2031,13.1404,11.5768,11.6058,12.5858,10.7124,13.1007,11.9331,13.3642,12.6384,14.2669,13.9682,13.6319,15.2047,13.9843,11.4324,10.0880,12.3352,15.3877,15.0559,14.1798,12.1560,12.3665,11.6293,12.5554,12.5034,13.6230,14.7607,13.2654,13.7785,12.4005,12.6586,15.2242,13.0950,14.1634,13.6072,12.5776,11.0001,12.3281,11.8343,12.3931,11.4478,12.8578,10.7744,10.2333,11.3127,10.5756,10.5385,9.9387,11.0423,10.8611,10.0135,10.5210
48.5408,45.7749,44.9625,43.2428,43.7931,41.6323,42.2231,42.4476,42.9917,42.9993,43.3120,42.9058,44.3450,43.4282,42.8673,42.3448,43.0795,40.3499,39.3114,38.4023,38.3372,38.1741,38.6040,38.9677,39.4467,37.7925,37.6180,35.8021,35.1585,34.4681,35.2676,34.1241,34.2920,32.5426,32.3540,30.8753,29.6932,27.7664,29.0740,26.7089,26.0143,27.1221,25.8149,22.7012,23.5554,20.7331,19.9816,21.9575,19.3265,21.8938,20.9134,21.8816,21.5579,22.2126,22.5307,21.3176,23.3836,21.8193,20.5264,20.6804,21.4818,24.4558,25.4168,23.6489,22.2425,21.8648,22.3593,23.3327,23.0558,22.9615,24.5364,23.7595,22.8811,22.4659,22.6629,26.2425,23.6725,23.6779,23.2509,22.1040,22.0951,23.5137,22.2275,22.4433,22.1861,23.9634,21.2574,20.7807,20.7203,19.5288,19.9969,20.4212,20.5338,21.9385,20.3350,20.8920
0.0000,0.0000,0.0000,0.0000,0.0000,0.0000,0.0000,0.0000,0.0000,0.2602,0.9066,0.7392,2.0570,2.3330,2.9579,2.4358,4.1550,3.8198,3.4190,2.0829,2.8624,2.3256,4.0888,4.4958,6.3229,7.6657,7.1362,6.0640,6.4629,5.5357,6.6245,6.8406,6.4593,6.2218,4.8717,6.2556,5.7850,4.6255,6.5666,3.5536,4.7901,4.3432,4.1831,3.0763,3.3131,2.7178,1.1228,2.6958,0.2548,3.9436,3.2632,5.3364,3.7538,4.5961,4.2517,4.4747,6.1676,4.6329,3.3988,2.4043,3.1799,4.0229,3.5621,1.9077,3.0155,3.3201,2.6038,4.3160,4.3067,3.2853,5.5819,3.9623,3.6781,3.5641,2.6076,5.9749,4.1758,4.3085,5.7475,4.0131,5.8772,7.4170,6.8594,5.8216,7.3805,7.8858,7.3431,8.0988,6.1785,3.6640,6.0991,4.3087,5.9120,4.6956,5.6415,5.8554
1.2159,0.9600,0.4330,0.0000,0.6311,0.0000,0.0488,0.5481,0.0000,1.7088,1.9919,2.6151,3.3486,1.8140,2.7151,2.0284,2.5763,3.4615,2.0821,0.5391,1.5609,1.5630,3.0375,2.9697,4.5806,6.1198,4.8055,3.9546,4.0681,3.9585,4.5981,4.0441,5.0575,5.5620,3.5618,3.7098,3.9941,4.2455,5.3367,3.1602,3.7824,3.7479,3.2064,3.5218,3.2683,3.0084,2.3710,4.1492,1.1720,3.5671,3.8822,6.2670,4.7427,4.1199,4.1942,6.0064,5.6580,5.3665,3.5333,2.6354,4.5007,4.4844,4.5829,3.9309,5.4228,3.8486,3.9562,6.0873,5.1272,5.6963,6.3311,5.1814,4.7052,4.6985,4.1346,7.0892,5.8080,6.7820,7.2429,6.6058,7.0924,9.3614,8.3132,7.6712,9.8172,10.5102,9.0568,8.9840,8.2492,6.5789,7.1611,6.2329,7.6669,5.4081,7.0598,6.8812
11.3162,11.0304,10.1143,9.7408,9.7270,8.4521,8.7722,8.5197,8.2580,9.3071,9.2653,9.5690,10.0135,8.1739,9.3047,8.3129,7.6637,8.4452,7.1751,5.9424,6.4367,5.6925,6.7781,6.8388,7.7517,7.9192,7.5137,6.5405,6.1209,6.2789,5.9479,5.7903,5.6410,5.7187,4.6233,4.7544,4.5424,4.8043,6.0151,4.3651,4.6081,5.3023,4.4732,4.7023,3.3381,3.1184,2.8090,4.2280,3.3583,4.1099,3.8828,6.0226,5.1688,4.9728,5.1685,6.5055,6.4591,6.6482,4.5668,4.6894,6.3190,7.2609,6.9715,6.5546,7.3102,5.8251,6.0318,7.4311,7.1103,7.8759,8.0583,7.2996,7.6492,7.7560,7.1505,8.4402,7.8346,8.4020,8.2261,8.0761,7.4156,8.7855,7.8944,8.5265,8.7192,9.3882,8.6408,7.8278,8.2954,7.4243,7.1900,6.8198,8.4437,6.9334,7.6536,7.2600
72.1310,70.4659,68.8138,68.3374,66.0032,63.3527,63.5072,62.1487,61.7312,61.3562,61.4611,62.1659,62.5035,58.5502,58.4062,55.7651,56.3518,55.8359,55.4602,52.2220,53.7213,51.0992,52.3283,52.1582,51.1260,51.5735,51.2682,45.9406,48.0732,46.4085,47.7386,46.0703,43.6745,42.7275,42.3037,39.1940,39.1615,35.9958,36.6556,36.5421,36.0289,38.1111,35.7396,34.0298,32.5120,31.7332,30.6990,32.9114,31.0020,32.9896,32.3823,33.1616,32.1292,33.7683,34.4871,33.2833,33.7122,32.8946,32.0369,28.7526,32.5520,35.1458,33.3516,33.2654,29.3810,27.3556,27.0467,26.7094,27.3903,28.0718,30.0971,29.2240,28.2231,26.8832,25.3523,28.3417,26.4054,28.0048,26.7063,24.4647,22.2806,23.3488,22.2747,23.0089,23.7614,24.6815,22.8424,18.8690,22.8406,20.3903,18.5210,19.1262,20.1696,17.9153,18.5883,19.1838
2.5772,0.0000,0.0000,0.0000,0.0000,0.0000,0.0000,0.2199,1.6846,3.7873,4.0631,4.1968,5.6128,5.5234,6.3316,6.5403,6.5072,5.0849,5.2723,3.3856,3.9598,4.1924,3.8854,4.8798,5.5825,6.2990,5.1550,2.6512,2.8800,2.4238,2.1610,2.8666,3.3440,1.7473,1.3203,1.1222,1.0776,0.0000,1.4933,0.0000,0.0000,0.8741,0.0000,0.0000,0.0000,0.0000,0.0000,0.0000,0.0000,0.0000,0.0000,0.0410,0.0000,0.8789,1.7206,2.5541,2.0805,0.1583,0.0000,0.0000,0.0000,1.2293,1.8656,0.0000,0.0000,0.0000,0.0000,0.0823,0.0000,0.0000,1.1919,0.1857,0.0000,0.0000,0.0000,1.0886,0.0000,0.0000,0.0000,0.0000,0.0000,0.4213,0.0000,0.0000,0.0000,0.8789,0.0000,0.0000,0.0000,0.0000,0.0000,0.0000,0.0000,0.2103,0.0000,0.0000
16.8947,16.7723,17.1691,15.8501,16.9285,16.8965,16.5771,17.6235,18.1769,19.2322,19.4393,19.4879,21.8547,21.1934,20.7983,20.2426,20.9711,20.7827,21.9195,18.7659,19.5906,18.8517,21.0136,20.7889,21.4801,22.5427,20.9297,20.0159,19.8317,18.9188,19.2056,18.6758,18.4262,18.5504,15.9955,17.0790,16.0840,15.3055,16.0318,12.9804,15.4358,14.7193,14.7390,14.1615,11.8654,12.9199,9.4274,11.6764,7.0537,11.7806,12.1211,12.1196,10.9775,12.2255,10.6287,12.5922,14.0975,12.0875,10.2340,8.6218,11.7039,11.5073,12.0985,9.7286,9.9486,9.0101,9.1859,10.4559,9.6830,10.8222,10.7869,9.8608,8.6184,7.9118,7.3971,11.2643,9.7722,9.6640,10.6993,7.7218,9.7119,11.5461,11.2175,8.7188,11.9398,11.2888,10.0734,9.5942,8.5420,4.0782,5.7390,4.5829,6.0689,3.8995,5.0346,4.7355
3.4644,3.9627,3.5213,3.0800,2.9913,2.7995,3.5132,4.7801,5.1620,6.9762,7.3482,8.8466,9.6019,7.6523,9.2657,9.0371,9.0473,10.8075,8.7076,7.8145,9.6095,7.7650,9.1413,9.8125,11.3107,12.3685,12.6629,10.0157,9.7584,11.0980,9.1920,9.4478,9.0227,10.0895,7.6802,8.5192,8.2902,8.0850,9.9088,7.0990,7.4010,7.5253,6.7086,6.8712,5.7312,5.3376,5.6377,7.3278,5.1976,7.8237,5.4506,9.1474,8.4033,8.3987,9.3533,11.9983,12.0746,12.0812,10.1070,9.4809,11.4050,12.6718,12.4685,13.4004,13.9791,12.4042,13.0380,15.1142,13.2890,14.8215,14.7461,14.2806,12.9354,12.4500,11.3794,14.5462,12.9828,15.2997,14.5685,12.4950,11.9798,14.4254,13.7242,13.8069,13.7442,14.3875,12.6635,13.5910,12.1427,10.4602,12.1689,11.0779,13.1581,11.1180,10.6785,11.4487
