60.2013,61.6156,58.9853,16.6648,16.3409,16.2232,16.2435,16.4623,16.7819,16.8030,16.7840,16.7852,16.9819,16.8890,16.8580,16.7283,16.7340,16.9758,17.0742,17.0076,17.0521,16.8331,16.7728,16.6049,16.6738,16.7143,16.5657,16.6798,16.7045,16.3914,16.4384,16.8646,16.7860,16.4532,16.6896,16.9433,16.9762,17.2258,17.1381,17.4890,17.8809,17.9000,17.3670,17.8168,17.6609,17.4127,17.0583,16.9353,16.8050,15.5826,14.7096,14.6390,14.7909,14.8410,14.8802,14.9192,14.9510,14.9834,15.0121,15.0447,15.0683,15.0890,15.1049,15.1143,15.1060,15.1075,15.0975,15.0988,15.0633,15.0320,14.9874,14.9246,14.8769,14.7802,14.6901,14.6014,14.4874,14.3565,14.2169,14.0317,13.8283,13.5967,13.3441,13.0650,12.7740,12.4915,12.2624,12.1255,12.1797,12.4275,12.8989,13.5263,14.2036,14.8686,15.4641,24.8638
2.5378,3.0124,0.0000,17.3461,19.7214,19.6693,19.8058,19.8565,19.6250,19.4340,19.2827,19.1971,19.3490,19.2226,19.0331,18.9259,18.7412,18.8635,19.4104,20.7145,19.2931,19.4123,20.6290,20.8648,20.4515,20.0424,19.3066,19.0386,19.5931,21.3489,20.6704,20.9140,19.8706,19.2402,19.5807,20.2093,20.5005,20.5755,21.0881,21.5321,21.7075,22.0098,21.9818,22.0268,22.1189,22.1749,21.8214,21.5742,21.5483,21.5996,20.6326,20.3884,20.4152,20.4428,20.4700,20.4874,20.4939,20.4946,20.4960,20.4926,20.4876,20.4668,20.4469,20.4129,20.3790,20.3362,20.3211,20.3626,20.4427,20.5193,20.5464,20.5542,20.5637,20.5964,20.6357,20.6187,20.6515,20.5515,20.4369,20.2912,20.1866,20.0878,19.9566,19.7972,19.6003,19.4207,19.2645,19.0937,18.9543,19.7435,19.2789,20.5496,21.1849,21.8979,22.3877,34.6084
3.3563,5.7494,3.4098,16.7973,17.0709,16.7082,16.8955,17.3044,17.6132,17.9538,17.8587,17.8084,18.1119,18.3766,18.7110,18.9189,19.0942,19.0799,18.8635,19.0339,19.2043,19.0811,18.9212,18.7883,18.9974,19.2291,18.8240,19.1061,19.0551,19.3836,19.2586,19.3748,19.0826,19.6075,19.7795,20.0793,19.8399,19.9456,19.9650,20.4382,20.3548,20.4788,20.6058,20.8418,20.4828,20.4551,20.1153,20.0419,19.9029,18.9456,18.3697,17.6310,17.6535,17.6768,17.6862,17.6910,17.6937,17.7016,17.7041,17.7078,17.7156,17.7176,17.7337,17.7519,17.7759,17.7991,17.8204,17.8389,17.8542,17.8719,17.8625,17.8669,17.8467,17.8265,17.8107,17.7791,17.7371,17.6576,17.5508,17.4072,17.2399,17.0515,16.8305,16.5689,16.2896,16.0259,15.8008,15.6472,15.6500,15.8629,16.2920,16.8896,17.5059,18.1126,18.6893,24.0485
7.5030,8.5068,6.6639,20.4376,20.0069,19.9157,19.5717,19.7877,19.9487,20.0823,20.2543,20.3335,20.4722,20.3029,20.4772,20.8666,20.9356,20.6490,20.5110,20.7181,20.8868,20.7746,20.8559,20.5967,20.8160,20.8595,20.8037,20.4368,20.7787,21.0085,21.1590,20.9221,20.9128,21.1830,21.5629,21.3636,21.2205,21.3327,21.9113,22.1209,22.4565,22.2128,22.4468,22.4678,22.0760,21.9508,21.9483,21.5813,21.3309,20.3363,19.5532,18.7473,18.8571,18.8620,18.8661,18.8787,18.8836,18.8915,18.8969,18.9049,18.9002,18.8902,18.8855,18.8786,18.8686,18.8741,18.8536,18.8465,18.8067,18.7797,18.7401,18.6574,18.6304,18.5471,18.4518,18.3337,18.2474,18.1148,17.9590,17.7332,17.4862,17.2779,17.0333,16.7577,16.3818,16.1614,15.7541,15.7967,15.8268,16.2492,16.9235,17.5089,17.6858,18.5125,18.9150,25.8264
0.0000,0.0000,0.0000,0.5941,3.9324,2.8245,1.1359,1.3749,1.5557,1.6790,1.9465,1.8766,2.0748,1.9899,2.3903,2.3928,2.7677,2.8448,3.1812,3.0561,3.2008,3.3787,3.3189,3.4093,3.4587,3.3720,3.6971,3.7579,4.1088,4.0978,4.3302,4.8566,5.3257,6.1703,6.5991,6.4023,6.7406,6.9031,6.7953,7.0174,7.2108,7.1325,7.4417,7.3601,7.2074,6.8198,6.3340,6.1648,6.2029,3.1583,2.4428,2.3435,2.1482,2.3247,2.5381,2.7452,2.9455,3.1463,3.3328,3.5194,3.6883,3.8476,3.9976,4.1599,4.3035,4.4306,4.5528,4.6542,4.7418,4.8288,4.8847,4.9482,4.9943,5.0279,5.0328,5.0014,4.9912,4.9439,4.8388,4.6943,4.4727,4.2188,3.8663,3.6236,3.2021,2.7411,2.4415,2.3068,2.3853,2.4617,2.8747,3.3724,3.9078,4.4436,4.9613,21.3564
19.3898,21.4829,18.7566,1.1592,4.0611,4.0697,4.1063,3.9843,3.9172,3.9636,4.1425,4.2673,4.2997,4.1895,4.0493,4.1536,4.2026,4.1222,4.0386,3.8053,3.9775,4.0213,3.7379,3.9738,3.9376,3.7234,3.3531,3.4037,3.8434,3.8834,3.6819,3.8468,3.8491,3.4620,3.4732,3.7107,3.7968,4.1240,3.8963,4.0592,3.9051,3.9974,4.1275,4.0353,3.4372,3.1615,3.2028,2.4956,2.6328,1.8677,1.0635,0.3938,0.5904,0.6427,0.6789,0.7149,0.7544,0.7831,0.8173,0.8423,0.8662,0.8874,0.9013,0.9140,0.9106,0.9200,0.9298,0.9225,0.9197,0.9018,0.8781,0.8374,0.7984,0.7491,0.6989,0.6147,0.5242,0.4499,0.3619,0.2496,0.1262,0.0000,0.0000,0.0000,0.0000,0.0000,0.0000,0.0000,0.0000,0.0000,0.0000,0.0000,0.0766,0.9098,1.9004,6.8675
14.7555,17.4605,14.7179,5.0188,5.1497,5.4954,5.9012,6.0249,6.0169,5.9206,5.8033,5.8819,5.8568,6.1079,6.2926,6.4938,6.4289,6.3070,6.4805,6.3238,6.3055,6.4313,6.4004,6.2390,6.2975,6.1791,5.9424,6.2110,6.3720,6.3750,5.9457,5.7371,5.8730,6.1671,6.3699,6.3201,6.6291,6.9148,6.6713,6.8122,6.6801,7.0729,7.1185,6.9390,6.7355,6.9254,6.5795,6.4437,6.2277,4.8708,4.1743,4.1114,4.1894,4.2242,4.2493,4.2781,4.2937,4.3049,4.3037,4.3105,4.3098,4.3184,4.3169,4.3228,4.3162,4.3100,4.2973,4.2769,4.2495,4.2194,4.1764,4.1322,4.0898,4.0338,3.9696,3.8871,3.7961,3.6896,3.5611,3.4129,3.2467,3.0616,2.8445,2.5987,2.3346,2.0466,1.7712,1.5154,1.3643,1.3789,1.6607,2.2215,2.9975,3.8599,4.6890,11.5880
0.0000,0.9113,0.0000,2.5212,3.2853,3.4341,3.4700,3.0560,3.0658,3.2813,3.0995,2.6415,2.4939,2.8297,2.7617,2.8308,2.8598,3.1559,3.5577,3.1836,3.2514,3.1577,3.1524,2.8086,2.5603,2.7605,3.0410,4.0476,4.2679,4.3328,3.5669,3.6363,3.3918,2.6521,2.9606,3.1048,3.5770,3.0604,1.5520,0.6494,1.8933,2.2864,2.8908,3.1699,3.4270,3.7544,3.6712,3.7218,4.2025,4.7131,4.6101,5.0121,5.1322,5.1559,5.1799,5.1987,5.2174,5.2240,5.2187,5.1974,5.1682,5.1342,5.1020,5.0769,5.0482,5.0275,5.0111,4.9881,4.9599,4.9127,4.8586,4.7748,4.6986,4.6166,4.5492,4.5135,4.4599,4.4176,4.3559,4.2541,4.0945,3.8963,3.6944,3.4470,3.1956,2.9887,2.8108,2.7296,2.7788,3.0666,3.5521,4.2585,5.1057,5.9355,6.7102,23.2585
8.2059,10.7130,7.6025,7.7191,9.5339,9.5377,9.3481,9.5778,9.8701,9.6851,9.6798,9.5498,9.5024,9.6391,9.9812,9.9638,10.0259,10.2756,10.1694,10.1768,9.9806,9.7707,9.9170,10.0353,10.0424,9.6541,9.8801,10.1514,10.1112,9.9700,9.6780,9.6483,9.8772,10.3382,10.1710,10.4374,10.5990,10.4151,10.3712,10.3196,10.6309,11.0498,11.2508,10.8597,10.9170,10.6705,10.0575,9.6726,9.3219,8.8924,8.5799,7.3555,7.5087,7.5384,7.5459,7.5501,7.5568,7.5601,7.5602,7.5624,7.5648,7.5547,7.5398,7.5245,7.5209,7.5257,7.5088,7.4788,7.4524,7.4348,7.3855,7.3506,7.2994,7.2408,7.1949,7.1470,7.1029,7.0110,6.9366,6.8343,6.7232,6.5692,6.3938,6.1772,5.9456,5.6801,5.3944,5.0796,4.8561,4.8016,5.0281,5.5629,6.3818,7.3071,8.2585,12.9061
20.3186,21.5554,18.7803,1.0758,4.5425,4.6782,4.7086,4.8687,5.0550,5.3289,5.4098,5.7019,5.7749,5.7929,5.8296,5.8951,5.9471,5.8770,5.7069,5.6477,5.7082,5.8801,5.6386,5.6167,5.2152,5.2060,5.4803,5.4239,5.6222,5.7624,5.6805,6.0896,6.2831,6.3569,6.1944,6.5714,6.9072,7.0052,7.2281,7.1805,7.4358,7.3871,6.7605,6.6104,7.4083,8.4313,8.8163,8.0840,7.9561,6.2822,7.0940,5.1757,5.1755,5.2305,5.2778,5.3279,5.3724,5.4302,5.4770,5.5291,5.5775,5.6272,5.6780,5.7335,5.7932,5.8482,5.8968,5.9431,5.9935,6.0170,6.0608,6.0948,6.1261,6.1644,6.2027,6.2202,6.2176,6.2412,6.2464,6.2479,6.2448,6.2785,6.3252,6.3534,6.3594,6.4765,6.5448,6.4617,6.7968,6.5995,6.7717,6.9956,7.6433,8.1639,8.6453,15.5397
68.7327,69.0976,66.6384,14.2446,14.5107,14.6152,14.8335,15.1155,15.2640,15.3050,15.3689,15.4671,15.4908,15.7182,16.1454,16.2179,16.0943,16.2583,16.1811,16.0549,16.2474,16.1966,16.1725,16.3170,16.2918,16.1016,16.3810,16.3723,16.0995,16.0262,15.8279,16.1918,16.5034,16.6448,16.4451,16.5160,16.6738,16.9683,16.7653,17.1036,17.4088,17.5418,17.8347,17.8570,18.1103,18.0699,17.3423,17.0715,16.8410,16.3765,15.8819,14.4460,14.4091,14.4174,14.4285,14.4334,14.4314,14.4376,14.4448,14.4520,14.4545,14.4561,14.4528,14.4421,14.4095,14.4001,14.3951,14.3636,14.3376,14.3171,14.2730,14.2150,14.1572,14.0906,14.0191,13.9394,13.8401,13.7167,13.5779,13.4164,13.2275,13.0230,12.7925,12.5298,12.2494,11.9266,11.6093,11.3345,11.1588,11.1701,11.4465,12.0144,12.8073,13.6689,14.5312,19.4173
60.5434,63.1706,60.7440,26.2132,26.4230,26.3968,26.4247,26.6561,26.9021,27.0502,27.1925,27.1476,27.2670,27.2683,27.1040,27.0712,27.3149,27.4334,27.4349,27.3612,27.4159,27.3411,27.0116,27.0447,27.0177,26.8801,27.0304,27.0170,26.7135,26.7380,27.1468,27.1788,26.8356,26.6966,26.8532,27.1534,27.4379,27.5902,27.8935,27.6542,27.9175,28.1127,28.2375,28.1755,27.9071,27.4630,27.0963,26.4839,26.8464,25.7326,24.8719,24.7455,24.7692,24.8100,24.8431,24.8812,24.9054,24.9345,24.9694,24.9833,24.9980,25.0248,25.0407,25.0526,25.0574,25.0731,25.0637,25.0585,25.0546,25.0537,25.0325,25.0039,24.9599,24.9052,24.8204,24.7400,24.6029,24.4716,24.3427,24.2065,24.0335,23.8212,23.5817,23.3206,23.0467,22.7732,22.5227,22.3410,22.3146,22.4680,22.8667,23.4578,24.1631,24.9065,25.6046,33.6966
36.8309,38.9192,36.1844,33.1752,35.4136,35.6278,35.6651,35.7590,35.7591,35.5542,35.5249,35.8515,35.8810,35.7916,35.8169,35.8968,36.0577,36.0680,35.6640,35.4227,35.5802,35.5530,35.4131,35.5525,35.5016,35.4255,35.3685,35.3421,34.8934,35.2368,35.4335,35.4964,35.2444,35.2231,35.3413,35.6789,35.3808,35.4144,35.7991,36.1618,36.2742,36.4512,36.0830,36.2616,36.1948,35.5016,35.0773,35.2020,35.0843,34.2182,33.5284,32.5122,32.6516,32.6786,32.7082,32.7353,32.7600,32.7910,32.8140,32.8439,32.8508,32.8673,32.8829,32.8848,32.8857,32.8899,32.8789,32.8736,32.8596,32.8379,32.8130,32.7607,32.7210,32.6780,32.6231,32.5615,32.4913,32.4219,32.3175,32.1542,31.9720,31.8290,31.6532,31.4438,31.2177,31.0895,31.1777,31.2151,31.1455,31.2296,30.4797,30.8950,32.3965,33.2493,33.3942,39.0820
0.0000,0.0000,0.0000,27.4833,29.0077,28.8202,29.0154,29.3879,29.5039,29.5305,29.4005,28.9762,28.9421,29.4986,29.8881,31.1172,31.4766,31.0245,30.1257,29.4928,28.5914,28.8982,28.8941,29.2942,29.2502,29.6473,30.0036,30.6108,30.9165,30.8809,31.0728,31.4965,31.9066,32.4421,32.4265,32.7111,32.7287,33.0860,33.4665,33.8029,33.8050,33.9632,34.1114,34.3955,34.3676,34.2206,34.2696,33.9050,33.8395,33.0181,31.9434,31.7581,31.5726,31.5966,31.6058,31.6248,31.6363,31.6461,31.6487,31.6327,31.6239,31.6200,31.6425,31.6958,31.7660,31.8375,31.9384,32.0522,32.1925,32.3130,32.4218,32.5115,32.5967,32.6660,32.7149,32.7426,32.7444,32.7251,32.6869,32.6281,32.5271,32.3803,32.1969,31.9892,31.7499,31.4842,31.2165,30.9688,30.8059,30.7900,31.0067,31.4596,32.1085,32.8557,33.6173,47.1585
4.9667,6.0135,4.1230,22.8894,23.0574,23.2352,23.0710,22.9621,22.9953,22.9538,23.2260,23.4952,23.5244,23.5268,23.7939,23.8601,23.7490,23.6492,23.6516,23.4259,23.4426,23.6869,23.5296,23.6523,23.3746,23.3853,23.3167,23.5168,23.6475,23.5836,23.8023,23.9243,23.8138,24.2175,24.2922,24.2618,23.9924,24.4461,24.8636,25.2135,25.2810,25.5285,25.5037,25.6647,25.6579,25.4567,25.2068,25.2518,25.2302,24.1777,23.3585,22.5427,22.5616,22.5932,22.6249,22.6695,22.6906,22.7112,22.7294,22.7414,22.7559,22.7712,22.7870,22.7983,22.8180,22.8248,22.8182,22.8051,22.7949,22.8054,22.7781,22.7191,22.6832,22.6235,22.5566,22.4821,22.3948,22.2688,22.1477,21.9707,21.7873,21.5437,21.4495,21.0187,21.0527,20.4846,20.2582,20.1278,20.0682,21.1093,21.4355,21.4093,22.1487,22.7520,23.4208,31.3478
22.7613,25.9406,23.5276,14.7626,14.4719,14.6463,14.7202,15.0927,15.3487,15.8210,15.8427,15.6189,15.6387,15.3911,15.2169,15.5633,15.4752,15.5135,15.6367,15.5269,15.2142,15.0815,15.1173,15.0446,14.8945,15.0089,14.8539,14.7055,14.9489,15.1836,15.0252,14.6818,14.8268,15.1635,15.3614,15.3452,15.4774,15.3010,15.3119,15.3116,15.3538,15.5207,15.8195,15.4756,15.4499,15.0781,14.9585,14.4985,14.2036,13.0466,12.2684,12.6628,12.8989,12.9411,12.9826,13.0178,13.0470,13.0680,13.0721,13.0819,13.0950,13.0821,13.0739,13.0637,13.0550,13.0341,12.9997,12.9698,12.9299,12.8800,12.8242,12.7547,12.6761,12.5922,12.4753,12.3695,12.2553,12.1243,11.9704,11.8007,11.6155,11.4131,11.1865,10.9228,10.6117,10.2836,9.9787,9.7038,9.5834,9.6744,10.0868,10.7675,11.5971,12.4499,13.2412,21.7130
42.4408,45.5594,42.3883,10.9034,14.0757,14.0540,14.0446,14.0655,13.9200,13.8633,14.1192,14.1787,14.0319,14.1246,14.2308,14.1107,14.0338,14.0078,14.0339,14.0952,14.0825,13.8938,13.9306,14.0782,14.0109,13.6182,13.5891,13.8030,14.0885,13.9378,14.0973,14.0777,13.7093,13.8259,14.1342,13.8625,13.7069,14.4553,14.0788,14.1411,13.9160,14.0188,13.9982,13.6506,13.4186,13.0305,12.6034,12.5419,12.6538,11.7066,11.0571,10.4344,10.7075,10.7392,10.7695,10.8049,10.8275,10.8511,10.8700,10.8848,10.8937,10.9131,10.9317,10.9331,10.9282,10.9133,10.8997,10.8930,10.8727,10.8397,10.8054,10.7767,10.7319,10.6695,10.6116,10.5476,10.4639,10.3880,10.3361,10.2304,10.0968,9.9474,9.8250,9.6958,9.5789,9.4887,9.4461,9.2689,9.3842,9.7561,10.1298,10.6276,11.0846,11.5547,12.4138,16.0398
55.8902,58.8133,56.1339,18.3161,18.8532,19.2278,19.4685,19.4990,19.8258,19.9926,19.8475,19.9635,19.9611,19.7943,20.0071,20.2834,20.3562,20.2566,20.0956,20.0091,20.2294,19.9342,19.6016,19.5986,19.8241,19.7501,19.5084,19.6436,19.7901,19.2703,19.3971,19.3137,19.5471,19.6688,19.5802,19.9088,20.1537,19.8437,20.0920,20.1717,19.9872,20.2794,20.2939,20.2447,19.9717,19.4965,19.3351,19.4486,19.2434,17.9637,17.2036,17.2174,17.2031,17.2329,17.2537,17.2816,17.3131,17.3333,17.3646,17.3815,17.4037,17.4379,17.4584,17.4733,17.4749,17.4848,17.4809,17.4786,17.4677,17.4498,17.4222,17.3831,17.3385,17.2820,17.2112,17.1530,17.0648,16.9625,16.8365,16.6823,16.5117,16.3141,16.0927,15.8380,15.5574,15.2549,14.9532,14.6884,14.5458,14.5785,14.8140,15.3350,16.0474,16.8701,17.7147,23.9044
16.0882,17.5209,14.7000,29.3876,28.9893,29.0754,29.0166,29.1025,29.3312,29.6949,29.8015,29.8358,29.4513,29.5946,29.8069,29.8505,29.7885,29.7590,29.8850,29.9754,29.8788,29.6670,29.7609,29.6194,29.4257,29.4259,29.3668,29.5766,29.6338,29.4089,29.5488,30.0304,30.0878,29.9536,29.8726,29.8508,30.1488,30.6870,30.9287,30.6428,30.9522,31.1138,30.9670,30.7790,30.1455,29.9933,29.6807,29.5995,29.5815,29.1190,28.3858,27.9586,28.1007,28.1221,28.1405,28.1542,28.1683,28.1711,28.1709,28.1660,28.1559,28.1532,28.1334,28.1105,28.0902,28.0679,28.0422,28.0229,27.9793,27.9531,27.8901,27.8326,27.7559,27.6610,27.5558,27.4442,27.3035,27.1602,26.9922,26.8179,26.6188,26.3837,26.1404,25.8417,25.4882,25.2127,24.9549,24.7055,25.0306,25.3600,25.9427,26.5639,27.2300,27.4931,28.2039,37.0568
3.2509,4.0606,1.2958,23.8193,26.0500,26.2298,26.3046,26.1639,26.3068,26.5582,26.3531,26.1757,26.0285,26.3300,26.5127,26.6736,26.5203,26.3704,26.5600,26.2253,26.3938,26.2099,26.3782,26.3601,26.3916,26.5043,26.6561,26.3584,26.5992,26.6538,26.2606,26.7149,26.8700,26.6286,26.7375,26.9204,27.3159,27.1609,27.1748,27.2535,27.7388,28.0393,27.8211,28.0096,27.9194,27.5326,27.5327,26.8862,26.6706,25.9629,25.5216,24.0259,24.1176,24.1594,24.1993,24.2352,24.2854,24.3216,24.3580,24.4024,24.4378,24.4658,24.5025,24.5108,24.5296,24.5405,24.5395,24.5401,24.5391,24.5336,24.5269,24.5060,24.4751,24.4433,24.3964,24.3345,24.2755,24.1945,24.1077,24.0137,23.9028,23.7931,23.6395,23.4875,23.3025,23.1064,22.8951,22.7182,22.6289,22.6612,22.9287,23.3667,24.0550,24.8205,25.7016,30.8118
0.0000,2.0975,0.0000,12.8751,16.0864,16.1433,16.1992,16.3391,16.4495,16.5788,16.7210,16.8777,16.9251,17.0728,17.1125,17.2203,17.4493,17.5262,17.5354,17.5608,17.6034,17.7036,17.6965,17.4594,17.5597,17.5293,17.3118,17.4456,17.6394,17.1186,17.4835,17.7561,17.7677,17.3707,17.2565,17.7316,17.7453,18.0255,18.0267,18.3746,18.8841,19.2892,19.0262,19.0227,18.6583,18.2887,18.4519,18.5353,18.8177,18.6452,18.1632,16.7391,16.6571,16.7027,16.7432,16.7857,16.8241,16.8608,16.9059,16.9329,16.9687,17.0211,17.0565,17.0900,17.1307,17.1738,17.2141,17.2462,17.2662,17.2985,17.3222,17.3442,17.3675,17.3872,17.4220,17.4679,17.4943,17.5218,17.5561,17.5681,17.5645,17.5425,17.4882,17.3928,17.2790,17.1507,17.0669,17.0507,17.1348,17.3321,17.6519,18.0945,18.6094,19.1862,19.7895,25.0802
39.6888,39.4182,37.3248,7.0828,9.4760,9.5251,9.4490,9.6589,9.5731,9.6972,9.4939,9.4749,9.6411,9.7357,9.9423,9.8602,10.0646,9.8918,9.8869,9.7113,9.5178,9.6920,9.9911,9.9419,9.8979,9.9413,10.3094,10.5411,10.3780,10.5062,10.3134,10.4592,10.7916,10.8038,10.5854,10.5454,10.3537,9.8840,10.6531,12.7029,11.8726,10.8564,11.4334,12.3721,12.6501,12.8520,13.2445,12.9218,13.0404,11.9880,12.4931,10.4036,10.3661,10.4322,10.5200,10.5949,10.6599,10.7278,10.8054,10.8905,10.9614,11.0274,11.0730,11.1365,11.1924,11.2519,11.3072,11.3542,11.3959,11.4435,11.4417,11.4716,11.4918,11.5087,11.5345,11.5402,11.5332,11.5027,11.4535,11.3813,11.2825,11.1503,10.9780,10.7757,10.5257,10.2323,9.9194,9.6201,9.3984,9.3137,9.4229,9.7680,10.2795,10.9731,11.6840,21.7940
16.3635,17.2097,14.7438,9.8503,9.3769,9.3269,9.3470,9.6572,9.9349,10.2510,10.2116,10.4421,10.3916,10.5530,10.5068,10.5659,10.4578,10.2554,10.3617,10.4727,10.4896,10.4719,10.3447,10.0796,10.0045,10.2307,10.3974,10.3313,10.0994,10.2219,10.6966,10.7475,10.3513,10.2542,10.5467,10.7623,10.9847,11.1647,10.8716,11.1615,11.3453,11.1549,11.1228,11.3155,11.1253,10.7738,10.3480,9.9665,9.6270,8.7703,7.9369,7.7782,7.9435,7.9825,8.0170,8.0467,8.0728,8.0843,8.0972,8.0936,8.0923,8.0821,8.0626,8.0539,8.0322,8.0284,8.0003,7.9626,7.9105,7.8695,7.8335,7.7682,7.6749,7.6247,7.5279,7.3889,7.3123,7.1698,7.0209,6.8501,6.6543,6.4361,6.1673,5.8495,5.4881,5.1677,4.8524,4.5793,4.5088,4.6816,5.6865,6.2323,6.7978,7.5996,8.2617,15.4078
0.3227,1.8109,0.0000,5.7843,8.9441,8.9867,9.0124,8.9185,8.8245,8.5992,8.5200,8.4224,8.3061,8.6412,9.9270,8.8068,7.8469,8.5723,8.5659,8.5360,8.6987,8.4843,8.8132,9.2942,9.5067,10.1270,10.3230,10.3096,10.1269,10.3014,10.8203,11.0380,10.9763,11.1523,11.1863,11.0366,11.3812,11.4790,11.8636,12.2924,12.5623,12.8871,12.6018,12.7113,12.5602,12.0513,11.9232,11.5414,11.6775,10.6792,9.8227,8.9783,8.9783,9.0158,9.0425,9.0796,9.0993,9.0981,9.1084,9.1065,9.1032,9.1079,9.1819,9.2841,9.4168,9.5226,9.6125,9.7025,9.7772,9.8564,9.9202,9.9753,10.0125,10.0268,10.0253,10.0054,9.9713,9.9252,9.8621,9.7728,9.6738,9.5635,9.4359,9.2991,9.1427,8.9856,8.8444,8.7242,8.6546,8.6709,8.8323,9.1305,9.6384,10.3444,11.1406,23.8568
10.5711,12.6247,10.1544,11.2419,12.4234,12.4683,12.7528,13.1328,13.3493,13.4748,13.5416,13.5136,13.4312,13.3366,13.3791,13.3793,13.5401,13.5721,13.3549,13.4594,13.3598,13.2229,13.1741,13.3631,13.4197,13.1747,13.2762,13.6395,13.7771,13.6281,13.8076,13.7430,13.3236,13.5115,13.8567,14.2061,14.3555,14.6587,14.6182,14.8174,14.9852,14.9784,14.9567,14.9003,14.8105,14.4301,14.0065,14.0894,14.0680,12.8114,12.3921,11.2302,11.4059,11.4507,11.4938,11.5320,11.5647,11.5987,11.6252,11.6511,11.6869,11.7104,11.7463,11.7703,11.8021,11.8101,11.8236,11.8269,11.8162,11.8167,11.8050,11.7881,11.7660,11.7025,11.6562,11.5798,11.5818,11.5037,11.4164,11.2978,11.1952,11.0145,10.9264,10.7262,10.5998,10.4720,10.2301,10.0844,10.0898,9.2981,9.4605,9.8294,10.4765,11.3819,12.7037,17.2475
22.7890,25.6171,23.4325,13.1303,13.1253,13.1533,13.2472,13.3280,13.3473,13.3358,13.6056,13.8933,13.7342,13.5755,13.7708,14.1539,13.9426,13.6789,13.5770,13.6783,13.6968,13.5673,13.8562,13.9565,13.7693,13.8756,13.6403,13.5329,13.8223,13.6810,13.8812,13.9269,13.5652,13.6463,14.0334,14.0544,13.8898,14.2855,14.5323,14.6212,14.8550,14.9045,15.2653,15.3647,14.5379,14.1750,14.6230,14.2877,14.1707,13.3609,12.5515,11.9226,12.0164,12.0315,12.0468,12.0585,12.0840,12.0979,12.1283,12.1467,12.1671,12.1807,12.1776,12.1809,12.1845,12.1783,12.1661,12.1502,12.1244,12.0907,12.0407,11.9871,11.9232,11.8484,11.7561,11.6594,11.5245,11.3899,11.2518,11.1139,10.9183,10.7082,10.4740,10.2083,9.9270,9.6370,9.3660,9.1684,9.0829,9.1844,9.4602,9.9311,10.5024,11.1736,11.8807,18.7071
0.1341,2.5209,0.0040,4.7865,5.6235,5.9665,6.2782,6.4615,6.3891,6.1729,5.8816,5.1211,4.7104,4.6147,4.9183,4.8273,5.2835,6.7583,5.4235,3.8910,4.4535,4.7886,5.3223,5.6408,5.7870,6.2136,6.4066,6.1125,6.1052,6.3411,6.2459,5.9743,6.2803,6.6955,6.8510,7.3010,7.3930,7.8520,8.3317,8.4953,8.1599,8.8659,8.9513,8.9735,8.7475,8.2440,7.7393,7.7970,7.6787,6.3814,5.0792,5.7437,5.7932,5.8432,5.8941,5.9529,6.0021,6.0448,6.0628,6.0602,6.0405,6.0184,5.9993,5.9738,5.9545,6.0018,6.0941,6.2318,6.3530,6.4364,6.5126,6.5543,6.5754,6.5784,6.5741,6.5447,6.4889,6.4562,6.3361,6.2342,6.0781,5.8838,5.6698,5.4881,5.0961,4.8556,4.7459,4.7127,4.7411,4.5024,4.9018,5.4312,6.1701,7.1481,8.0587,21.1542
61.1573,64.0649,62.0721,10.9157,13.4839,13.7222,13.6769,13.6531,13.5162,13.5438,13.8786,13.9672,13.9435,13.6922,13.6198,13.8000,13.6556,13.7035,13.3639,13.4316,13.1258,13.0857,12.7669,13.0990,12.9535,12.6790,12.4562,12.7458,12.5658,12.6553,12.6743,12.3129,12.3913,12.8175,12.7147,12.3426,12.6059,12.8689,12.8462,13.0779,13.0199,13.2517,13.5131,13.5917,12.7681,12.1796,11.9499,12.0398,11.9512,10.9618,10.0409,9.7279,9.8977,9.9426,9.9777,10.0243,10.0681,10.1121,10.1606,10.1906,10.2297,10.2579,10.2868,10.3114,10.3388,10.3507,10.3683,10.3752,10.3895,10.3859,10.3796,10.3639,10.3430,10.3017,10.2574,10.1928,10.1201,10.0483,9.9415,9.8119,9.6630,9.4889,9.2946,9.0747,8.8268,8.5764,8.3323,8.0956,7.9259,7.8906,8.0524,8.4739,9.1212,9.9807,10.9679,17.1698
74.4422,76.0689,73.6301,26.5413,27.3305,27.6272,27.6973,27.8125,27.6992,27.5545,27.7083,27.7829,27.7933,27.9468,28.1702,28.1168,28.0407,28.3164,28.5139,28.4417,28.1805,27.9684,28.1179,28.1192,27.8512,27.9399,27.9310,28.0972,27.9897,28.0151,27.7437,28.1801,28.2390,28.4030,28.0599,28.1649,28.1054,28.5721,28.4206,28.4643,28.6392,28.9610,28.7338,28.9702,28.8396,28.5154,28.0782,27.6583,27.3108,26.4609,25.7956,25.5560,25.6825,25.7239,25.7553,25.7873,25.8096,25.8184,25.8430,25.8605,25.8898,25.8924,25.9066,25.9159,25.9264,25.9294,25.9266,25.9167,25.8994,25.8704,25.8476,25.8152,25.7826,25.7344,25.6844,25.6188,25.5485,25.4608,25.3652,25.2519,25.1309,24.9811,24.8116,24.6034,24.3684,24.0884,23.7912,23.5153,23.3330,23.2898,23.5328,24.0709,24.8732,25.7641,26.6280,31.4511
61.8701,64.6563,62.5891,39.9703,38.8601,38.7169,38.8706,38.7244,38.8106,38.8418,39.0856,39.1626,39.4595,39.3338,39.2834,39.3262,39.2386,39.3885,39.6304,39.7433,39.5903,39.4963,39.4982,39.6339,39.6323,39.5632,39.7211,39.7645,39.5986,39.5728,39.8008,40.1264,39.7618,39.7581,39.9485,39.9677,40.4109,40.6647,40.3900,40.7146,40.9675,40.9355,41.1445,41.0763,40.6062,40.6273,40.6279,40.3539,40.2213,38.8640,38.0690,37.8668,38.0054,38.0392,38.0641,38.0868,38.0947,38.0992,38.1081,38.1080,38.1208,38.1169,38.1116,38.0934,38.0788,38.0696,38.0464,38.0170,37.9863,37.9420,37.8974,37.8406,37.7688,37.6945,37.5996,37.4817,37.3446,37.1883,37.0521,36.8686,36.6337,36.3998,36.1270,35.8818,35.5621,35.3735,35.0664,35.2263,35.2797,35.6631,36.1070,36.6942,37.2902,37.8377,38.2800,48.2987
22.6381,24.6360,22.0782,43.0223,44.2083,44.3982,44.4697,44.8059,44.9379,44.9494,44.8812,44.7303,44.7609,44.8892,45.3101,45.2864,45.3106,45.1196,44.9318,45.0600,44.8435,44.8305,44.5805,44.7579,44.8134,44.6000,44.8188,44.7840,44.5844,44.2621,44.3497,44.8177,44.9591,44.8103,45.1058,45.1916,44.9399,45.0098,45.3822,45.5825,45.9418,45.7819,45.9966,45.8703,45.8812,45.8181,45.5934,45.2697,45.1268,43.9960,43.3755,42.2738,42.3171,42.3498,42.3881,42.4234,42.4466,42.4629,42.4966,42.5120,42.5264,42.5488,42.5634,42.5778,42.5850,42.5776,42.5660,42.5462,42.5314,42.5149,42.4868,42.4558,42.4121,42.3514,42.2818,42.2000,42.1056,41.9914,41.8632,41.7090,41.5320,41.3407,41.1050,40.8578,40.5766,40.2814,39.9843,39.7363,39.6018,39.6726,40.0192,40.6491,41.4729,42.3677,43.2402,48.4936
71.9317,74.5528,72.3966,48.6667,49.2707,49.2892,49.3446,49.4699,49.7835,49.9810,50.0488,50.0645,50.0405,49.9183,50.1803,50.4333,50.5519,50.5977,50.8151,50.8209,50.6993,50.9650,50.8002,50.7293,50.8531,50.8344,50.7116,50.8013,50.7386,50.4994,50.8338,51.0500,51.0557,50.6183,50.3925,50.6334,50.9998,51.3359,51.4889,51.9901,52.2600,51.9152,51.9222,51.6573,51.8207,51.6087,51.3963,50.9301,51.2660,50.3360,49.7446,48.6968,48.7466,48.7729,48.7997,48.8176,48.8388,48.8498,48.8572,48.8585,48.8600,48.8447,48.8498,48.8427,48.8417,48.8243,48.8159,48.7900,48.7661,48.7343,48.6967,48.6513,48.6011,48.5529,48.4678,48.3897,48.2978,48.2029,48.0968,47.9600,47.8169,47.6487,47.4602,47.2483,47.0340,46.7735,46.5119,46.2713,46.0366,45.9180,45.9521,46.2831,46.9008,47.7423,48.6979,53.4150
49.5863,51.5146,48.6004,47.9545,48.0666,48.1267,48.2608,48.2856,48.1244,48.2667,48.3372,48.6001,48.6964,48.8287,49.2296,49.4125,49.4778,49.2833,49.3655,49.3076,49.1851,49.4542,49.4357,49.3462,49.5238,49.4947,49.4462,49.6333,49.4861,49.1710,49.5194,49.8333,49.9384,49.5976,49.6843,50.1693,50.2300,49.9999,50.0342,50.3201,50.5450,50.5450,50.9321,51.2438,50.9108,50.7835,50.1976,50.1341,50.3650,49.6753,49.1215,47.8551,47.9604,47.9639,47.9698,47.9743,47.9704,47.9736,47.9672,47.9695,47.9519,47.9400,47.9193,47.8984,47.8809,47.8670,47.8558,47.8212,47.7808,47.7384,47.6745,47.6045,47.5353,47.4554,47.3736,47.2737,47.1413,47.0179,46.8876,46.7116,46.5076,46.2936,46.0671,45.7787,45.4881,45.1914,44.8640,44.6701,44.4039,45.6482,45.9291,45.3053,46.5401,47.4510,48.1030,53.5058
1.9995,4.1166,1.5491,34.3941,35.5111,35.1802,35.2949,35.7874,35.9168,35.8583,35.9418,36.3361,36.3144,36.0846,36.4407,36.6057,36.4532,35.9928,35.6713,35.3667,35.5873,35.9598,35.8264,35.8997,35.7224,35.9250,35.9772,36.1358,35.6495,35.9260,36.0302,35.7938,35.7595,35.7698,36.3766,36.6301,37.0267,36.8471,37.2013,37.6209,37.9417,37.8382,37.8606,37.7387,37.5057,37.5656,37.6827,37.4726,37.3703,36.0029,34.9662,35.0094,35.0037,35.0439,35.0873,35.1251,35.1598,35.1856,35.2157,35.2499,35.2823,35.3186,35.3648,35.4175,35.4746,35.5381,35.6030,35.6611,35.7119,35.7452,35.7650,35.7906,35.7857,35.7679,35.7535,35.7147,35.6651,35.5955,35.4957,35.3827,35.2300,35.1195,34.8423,34.6115,34.3414,34.0253,33.9942,33.5656,33.5202,33.5448,34.3983,34.4412,35.2528,36.0995,36.9055,46.6238
16.5963,18.5313,15.8209,30.8759,33.5674,33.8932,34.1726,34.0941,34.0709,34.0558,33.9790,34.0692,33.7902,33.9423,33.9303,34.1493,34.0658,33.8000,33.6124,33.2887,33.4407,33.4244,33.4818,33.0737,33.2727,33.5255,33.4762,33.3337,33.0299,33.0122,33.1706,33.5348,33.3658,33.5540,33.7473,33.6014,33.6193,33.6123,33.9169,34.3486,34.5731,34.2811,34.4761,34.5806,34.3110,33.8967,33.4129,33.2544,33.4486,32.4115,31.6960,30.6851,30.8441,30.8906,30.9402,30.9866,31.0413,31.0868,31.1350,31.1731,31.2193,31.2552,31.2884,31.3148,31.3335,31.3466,31.3516,31.3606,31.3610,31.3611,31.3459,31.3227,31.2938,31.2625,31.2081,31.1446,31.0716,30.9835,30.8912,30.7931,30.6694,30.5361,30.3858,30.2206,30.0463,29.8716,29.7140,29.6073,29.5548,29.6048,29.7723,30.1261,30.6777,31.4372,32.3637,38.5427
4.1429,6.0558,3.3619,18.8435,19.4678,18.8706,18.9206,19.2030,19.3901,19.9521,22.1185,22.6739,21.2846,21.6252,22.0888,22.5452,22.3528,22.1200,21.7984,21.6524,21.6591,21.5723,21.3521,21.3651,21.7282,21.7238,21.8339,21.8357,21.6679,22.1307,22.3171,22.2278,21.8670,22.1196,22.4609,22.5324,22.8054,22.9260,23.3875,23.6269,23.1745,23.3255,24.0078,24.0376,23.7974,23.5868,23.5144,23.0955,23.2282,22.2911,21.4103,20.6835,20.7888,20.7242,20.6582,20.5911,20.5040,20.4468,20.4418,20.4895,20.5667,20.6232,20.6769,20.7243,20.7449,20.7863,20.8377,20.8763,20.9189,20.9525,20.9758,20.9996,21.0098,21.0131,21.0148,21.0008,20.9578,20.8890,20.8039,20.6790,20.5289,20.3681,20.1775,19.9674,19.7354,19.4875,19.2587,19.0600,18.9141,18.9466,19.1998,19.6957,20.3571,21.1531,21.9699,32.1904
0.0000,0.0000,0.0000,0.0000,0.4502,0.6479,0.5814,0.5335,0.5916,0.7261,0.7640,0.6299,0.7167,0.7653,0.7612,0.8742,0.6841,0.6429,0.8469,0.6871,0.5466,0.6277,0.7625,0.8349,0.5894,0.0000,0.0000,0.0000,0.0000,0.0000,0.0000,0.3891,0.1253,0.1336,0.2347,0.8086,0.8862,1.2519,1.5199,2.4414,5.1107,6.6178,6.3587,6.3092,6.1409,5.7112,5.8317,6.5293,6.5562,4.4937,4.0186,3.4814,3.4095,3.4591,3.5090,3.5549,3.6026,3.6502,3.6913,3.7252,3.7505,3.7702,3.7849,3.8087,3.8119,3.8194,3.8264,3.8260,3.8245,3.8186,3.8039,3.8019,3.8625,3.9282,4.0570,4.0937,4.1595,4.1760,4.2366,4.2165,4.2095,4.1819,4.1149,4.0163,3.9297,3.7625,3.5171,3.7366,3.1250,3.1871,3.4822,4.4669,4.5832,5.1386,5.5861,22.0913
0.0000,0.0000,0.0000,0.0000,0.0000,0.0000,0.0000,0.0000,0.0000,0.0000,0.0000,0.0000,0.0000,0.0000,0.0000,0.0000,0.0000,0.0000,0.0000,0.0000,0.0000,0.0000,0.0000,0.0000,0.0000,0.0000,0.0000,0.1638,0.0000,0.0000,0.0000,0.0000,0.0000,0.0000,0.0000,0.0000,0.0000,0.0000,0.2422,0.5819,0.9115,1.1992,1.4159,1.3864,0.9959,0.6113,1.0869,0.7721,0.6996,0.0000,0.0000,0.0000,0.0000,0.0000,0.0000,0.0000,0.0000,0.0000,0.0000,0.0000,0.0000,0.0000,0.0000,0.0000,0.0000,0.0000,0.0000,0.0000,0.0000,0.0167,0.0989,0.1518,0.2041,0.2264,0.1974,0.1256,0.0337,0.0000,0.0000,0.0000,0.0000,0.0000,0.0000,0.0000,0.0000,0.0000,0.0000,0.0000,0.0000,0.0000,0.0000,0.0000,0.0000,0.3661,1.0932,15.8784
5.9046,8.0647,5.4635,0.0000,1.7524,1.8231,1.9570,1.8469,1.8249,2.1021,2.1893,1.9754,1.7955,1.9321,2.1890,2.1957,1.9478,1.7833,1.9238,1.9457,1.7071,1.8825,1.7827,1.5663,1.3393,1.4634,1.5448,1.3771,1.5740,1.6735,1.4038,1.4447,1.5379,1.8079,1.4347,1.3655,1.6671,2.0181,2.2446,2.5771,2.3270,2.5602,2.5036,2.0574,1.7754,1.6512,1.2255,1.0062,0.8691,0.2282,0.0000,0.0000,0.0000,0.0000,0.0000,0.0000,0.0000,0.0000,0.0000,0.0000,0.0000,0.0000,0.0000,0.0000,0.0000,0.0000,0.0000,0.0000,0.0000,0.0000,0.0000,0.0000,0.0000,0.0000,0.0000,0.0000,0.0000,0.0000,0.0000,0.0000,0.0000,0.0000,0.0000,0.0000,0.0000,0.0000,0.0000,0.0000,0.0000,0.0000,0.0000,0.0000,0.0000,0.5082,1.3503,7.0155
6.4231,8.5915,5.9819,0.0000,0.0000,0.0000,0.0000,0.0000,0.0000,0.0000,0.0000,0.0000,0.0000,0.0000,0.0000,0.0000,0.4355,0.6293,0.8169,0.5884,0.5664,0.4191,0.0827,0.2040,0.4745,0.4142,0.6882,0.4147,0.5549,0.5182,0.7203,0.8721,0.7817,0.9449,1.0237,1.0017,1.6321,1.9646,2.1333,2.0035,2.3639,2.7602,3.1438,3.1099,3.1742,2.9090,3.0839,2.9530,2.8649,2.1532,1.7163,0.3004,0.2915,0.3024,0.2747,0.2000,0.0932,0.0000,0.0000,0.0000,0.0000,0.0585,0.1053,0.1384,0.1568,0.1744,0.1616,0.1484,0.1404,0.1326,0.1045,0.0930,0.0512,0.0000,0.0000,0.0000,0.0000,0.0000,0.0000,0.0000,0.0000,0.0000,0.0000,0.0000,0.0000,0.0000,0.0000,0.0000,0.0000,0.0000,0.0000,0.0000,0.0000,0.6181,1.2245,10.8886
0.0542,1.6444,0.0000,0.0000,0.0000,0.0000,0.0000,0.0000,0.0000,0.0000,0.0000,0.0000,0.0000,0.0000,0.0000,0.0000,0.0000,0.0000,0.0000,0.0000,0.0000,0.0000,0.0000,0.0000,0.0000,0.0000,0.0000,0.0000,0.0000,0.0000,0.0000,0.0000,0.0000,0.0000,0.0000,0.0000,0.0000,0.0000,0.1827,0.5789,0.6367,0.8832,1.0463,1.1476,1.0655,0.8212,0.5713,0.7942,0.4479,0.0000,0.0000,0.0000,0.0000,0.0000,0.0000,0.0000,0.0000,0.0000,0.0000,0.0000,0.0000,0.0000,0.0000,0.0000,0.0000,0.0000,0.0000,0.0000,0.0000,0.0000,0.0000,0.0000,0.0000,0.0000,0.0000,0.0000,0.0000,0.0000,0.0000,0.0000,0.0000,0.0000,0.0000,0.0000,0.0000,0.0000,0.0000,0.0000,0.0000,0.0000,0.0000,0.0000,0.0000,0.0000,0.0000,16.1231
6.2584,8.5684,5.9268,1.2814,2.2654,2.6973,2.9309,3.1955,3.1770,3.0282,3.2367,3.2335,3.2329,3.4940,3.7700,3.6815,3.8372,3.7685,3.6739,3.5880,3.4925,3.3351,3.2491,3.0824,2.9280,2.9937,3.3121,3.5543,2.2248,2.2459,3.2272,4.1316,3.6360,4.0287,4.1746,3.8610,4.0659,4.5719,4.1341,4.3399,5.0680,4.9894,5.1448,4.9159,4.6316,4.1662,3.6841,3.3739,3.3371,2.6835,2.2050,1.0090,1.1508,1.1544,1.1590,1.1575,1.1540,1.1446,1.1367,1.1231,1.1098,1.0946,1.0738,1.0480,1.0267,0.9972,0.9704,0.9371,0.8975,0.8462,0.7923,0.7350,0.6639,0.5891,0.4806,0.4098,0.3508,0.2639,0.1469,0.0000,0.0000,0.0000,0.0000,0.0000,0.0000,0.0000,0.0000,0.0000,0.0000,0.0000,0.0000,0.0000,0.0000,0.3367,1.1094,5.6923
22.6558,25.7502,22.6336,2.5077,2.4572,2.5563,2.8067,2.8992,3.3201,3.5919,3.5902,3.7532,3.7327,3.6417,3.9108,4.0170,4.0104,4.0818,4.3288,4.3589,4.3854,4.2898,4.3258,4.5375,4.2764,4.0237,4.1467,4.5016,4.4774,4.2785,4.6274,4.6329,4.3369,4.4988,4.4876,4.7728,4.8315,4.7590,5.1146,5.3970,5.2416,5.5724,5.7331,5.5631,5.7617,5.5102,5.2019,5.0702,4.8095,3.6929,3.4462,2.5519,2.6122,2.6344,2.6517,2.6583,2.6646,2.6711,2.6735,2.6934,2.6941,2.7078,2.7028,2.6988,2.7008,2.6834,2.6644,2.6137,2.5744,2.5257,2.4838,2.4319,2.3939,2.3065,2.2198,2.1555,2.0157,1.9219,1.7374,1.5987,1.4619,1.2582,0.9762,0.7694,0.4790,0.3152,0.0061,0.0000,0.0000,0.0000,0.4223,0.7990,1.1831,1.9844,2.5063,8.4521
9.8888,12.4996,9.4375,3.6461,3.2346,3.5030,3.4375,3.7059,3.7315,3.6845,3.8208,4.0143,4.2135,4.2648,4.4656,4.6552,4.7030,4.7138,4.6600,4.5294,4.5781,4.6769,4.8282,4.6962,4.6322,4.9163,4.8628,4.7468,4.6365,4.5950,4.9048,5.1817,5.2509,5.2696,5.5990,5.5505,5.5246,5.7240,5.6740,5.9553,6.1687,6.5134,6.2100,6.2666,6.2574,6.1961,6.0889,5.8120,5.6659,4.8780,4.5178,3.4298,3.4918,3.4966,3.5010,3.4980,3.5108,3.5096,3.5100,3.4967,3.4931,3.4864,3.4750,3.4508,3.4251,3.3819,3.3583,3.3037,3.2466,3.1809,3.0972,3.0074,2.9144,2.8165,2.7022,2.5678,2.3891,2.2527,2.1056,1.9397,1.7404,1.4969,1.2587,0.9821,0.6988,0.4023,0.1328,0.0000,0.0000,0.0000,0.3029,0.8651,1.5717,2.3531,3.1182,9.4205
0.5574,3.1463,0.8154,2.3741,3.1006,3.1771,3.4550,3.7441,3.8113,3.8517,3.6381,3.6144,3.7099,3.3527,3.3281,2.9882,3.0649,2.9398,3.0564,3.1898,3.5918,3.8871,3.6733,3.5866,3.1001,2.6631,2.3387,2.1054,2.5015,3.4955,4.2393,4.3839,4.2746,4.1552,4.3613,4.7941,4.9833,4.6597,4.9642,5.2331,5.1751,4.9793,4.4315,4.5057,4.2777,3.8633,3.4517,3.6816,3.7755,2.6040,1.6810,1.5345,1.6058,1.6599,1.7213,1.7779,1.8381,1.8906,1.9353,1.9837,2.0266,2.0812,2.1291,2.1880,2.2370,2.2933,2.3310,2.3589,2.3669,2.3651,2.3401,2.3139,2.2928,2.2795,2.2701,2.2256,2.1471,2.0518,1.8885,1.7416,1.5905,1.3908,1.1021,0.7737,0.4343,0.1457,0.0000,0.0000,0.0820,0.1581,0.3894,1.3155,1.8096,2.5029,3.2784,11.8013
0.7220,2.7621,0.0000,1.0258,3.7858,2.5804,2.6817,1.0947,0.3512,0.4780,3.2042,4.5407,3.1698,3.6109,3.9498,4.3531,4.8596,4.9105,4.8057,4.6340,4.7034,4.7000,4.6757,4.7988,4.8879,4.5176,4.8437,4.7521,4.2884,4.7099,4.6180,4.3741,4.3489,4.6975,5.0103,4.5846,4.2925,4.1798,4.6725,5.0939,4.9680,5.2808,5.5154,5.4095,5.2163,4.5504,4.4196,4.2155,4.0261,3.4620,2.7822,1.9643,2.1896,2.2072,2.2021,2.1431,2.0605,1.9544,1.9412,1.9696,2.0548,2.1116,2.1530,2.1836,2.1869,2.1982,2.1956,2.1920,2.1940,2.1794,2.1573,2.1340,2.0967,2.0759,2.0410,1.9731,1.9227,1.8678,1.8084,1.7707,1.6616,1.5214,1.3721,1.2016,0.9917,0.7914,0.6079,0.4500,0.3734,0.4364,0.7016,1.2187,1.9017,2.6826,3.5089,10.4272
1.5847,4.1461,1.3324,0.0000,0.0000,0.1359,0.3055,0.0000,0.0000,0.0000,0.3585,0.2468,0.3246,0.4095,0.8511,1.3174,1.4514,1.3638,1.4117,1.5950,1.5254,1.3598,1.4794,1.4018,1.3315,1.6244,1.5827,1.2716,1.5874,1.8177,1.8112,1.3198,1.2549,1.6757,1.6642,1.8812,1.8168,2.0524,2.4617,2.7240,2.4425,2.5022,2.3488,2.2552,2.6213,2.3582,2.0018,1.8532,1.6345,0.4637,0.0000,0.0000,0.0000,0.0000,0.0000,0.0000,0.0000,0.0000,0.0000,0.0000,0.0000,0.0000,0.0000,0.0000,0.0000,0.0000,0.0000,0.0000,0.0000,0.0000,0.0000,0.0000,0.0000,0.0000,0.0000,0.0000,0.0000,0.0000,0.0000,0.0000,0.0000,0.0000,0.0000,0.0000,0.0000,0.0000,0.0000,0.0000,0.0000,0.0000,0.0000,0.0000,0.0000,0.0000,0.0000,5.5757
4.4009,5.8528,3.4047,0.0000,0.0000,0.0000,0.0000,0.0000,0.0000,0.0000,0.0000,0.0000,0.0000,0.0000,0.0000,0.0000,0.0000,0.0000,0.0000,0.0000,0.0000,0.0000,0.0000,0.0000,0.0000,0.0000,0.0000,0.0000,0.0000,0.0000,0.0000,0.0000,0.0366,0.3526,0.3844,0.0000,0.0000,0.1311,0.5057,0.9785,1.1309,1.4717,1.4554,1.1664,1.0352,0.7169,0.8414,1.1296,0.9903,0.0000,0.0000,0.0000,0.0000,0.0000,0.0000,0.0000,0.0000,0.0000,0.0000,0.0000,0.0000,0.0000,0.0000,0.0000,0.0000,0.0000,0.0000,0.0000,0.0000,0.0000,0.0000,0.0000,0.0000,0.0000,0.0000,0.0000,0.0000,0.0000,0.0000,0.0000,0.0000,0.0000,0.0000,0.0000,0.0000,0.0000,0.0000,0.0000,0.0000,0.0000,0.0000,0.0000,0.0000,0.0000,0.0000,3.8098
0.0000,2.1495,0.0000,0.0000,0.0000,0.0000,0.0000,0.0000,0.0000,0.0000,0.0000,0.0000,0.0000,0.0000,0.0000,0.0000,0.0000,0.0000,0.0000,0.0000,0.0000,0.0000,0.0000,0.0000,0.0000,0.0000,0.0000,0.0000,0.0000,0.0000,0.0000,0.0000,0.0000,0.0000,0.0000,0.0000,0.0000,0.0000,0.0000,0.0000,0.0000,0.0000,0.0000,0.0000,0.0000,0.0000,0.0000,0.0000,0.0000,0.0000,0.0000,0.0000,0.0000,0.0000,0.0000,0.0000,0.0000,0.0000,0.0000,0.0000,0.0000,0.0000,0.0000,0.0000,0.0000,0.0000,0.0000,0.0000,0.0000,0.0000,0.0000,0.0000,0.0000,0.0000,0.0000,0.0000,0.0000,0.0000,0.0000,0.0000,0.0000,0.0000,0.0000,0.0000,0.0000,0.0000,0.0000,0.0000,0.0000,0.0000,0.0000,0.0000,0.0000,0.0000,0.0000,5.0311
1.9823,3.8227,0.9934,0.0000,0.0000,0.0000,0.0000,0.0000,0.0000,0.0000,0.0000,0.0000,0.0000,0.0000,0.0000,0.0000,0.0000,0.0712,0.0481,0.0000,0.0000,0.0000,0.0000,0.0000,0.1003,0.0000,0.0000,0.0000,0.1194,0.1950,0.0028,0.2241,0.0643,0.0000,0.0441,0.0000,0.2310,0.4857,0.6577,0.8824,0.5463,0.7455,0.8129,0.3592,0.0000,0.0000,0.0000,0.0000,0.0000,0.0000,0.0000,0.0000,0.0000,0.0000,0.0000,0.0000,0.0000,0.0000,0.0000,0.0000,0.0000,0.0000,0.0000,0.0000,0.0000,0.0000,0.0000,0.0000,0.0000,0.0000,0.0000,0.0000,0.0000,0.0000,0.0000,0.0000,0.0000,0.0000,0.0000,0.0000,0.0000,0.0000,0.0000,0.0000,0.0000,0.0000,0.0000,0.0000,0.0000,0.0000,0.0000,0.0000,0.0000,0.0000,0.0000,2.0538
31.2263,31.6735,29.3024,0.0941,0.0414,0.4582,0.6986,0.9652,1.1165,1.0116,0.9003,0.6983,0.7345,0.8094,1.2084,1.1953,1.5093,1.7940,2.0411,1.9148,1.7715,1.7369,1.9733,1.9530,1.7754,2.0220,2.0086,1.9072,2.0885,1.8421,1.8103,2.1112,1.9837,2.2331,2.3390,2.0836,2.2847,2.8081,2.8428,2.7176,3.1883,3.6273,3.7681,3.9915,3.8524,3.9105,3.7303,3.0114,2.8136,2.4258,1.9665,0.3859,0.4010,0.4021,0.3978,0.3978,0.4046,0.4221,0.4433,0.4663,0.4770,0.4927,0.4889,0.4903,0.4758,0.4847,0.4305,0.4014,0.3602,0.3195,0.2660,0.2074,0.1439,0.0593,0.0000,0.0000,0.0000,0.0000,0.0000,0.0000,0.0000,0.0000,0.0000,0.0000,0.0000,0.0000,0.0000,0.0000,0.0000,0.0000,0.0000,0.0000,0.0000,0.0000,0.0849,6.3128
29.3293,32.2262,30.1660,9.6201,9.4967,9.3071,9.1034,9.0202,9.1659,9.3593,9.3957,9.4763,9.7791,9.8587,9.4573,9.3529,9.3329,9.5098,9.5754,9.6894,9.7495,9.7522,9.7160,9.5167,9.6107,9.5202,9.2832,9.5948,9.7513,9.8690,9.7011,9.8573,9.8544,9.5489,9.7452,9.7242,10.1173,10.3863,10.3365,10.6032,10.9823,11.2181,10.8732,10.8552,10.5308,10.1616,10.5333,10.1578,10.0830,9.1301,8.2191,7.9089,8.0575,8.0980,8.1321,8.1647,8.1866,8.1918,8.2104,8.2306,8.2368,8.2442,8.2446,8.2375,8.2180,8.1961,8.1657,8.1326,8.0865,8.0370,7.9900,7.9425,7.8931,7.8262,7.7502,7.6595,7.5550,7.4310,7.2871,7.1335,6.9505,6.7407,6.5062,6.2460,5.9731,5.7068,5.4474,5.2557,5.2444,5.4338,5.8675,6.4952,7.2073,7.9470,8.6344,17.5758
53.9898,57.0555,53.8659,18.4113,19.8887,19.9581,19.9957,20.2501,20.5669,20.4307,20.2007,20.0324,20.0830,20.4889,20.8088,20.5769,20.2183,20.0621,20.0954,20.1767,20.2738,20.3445,20.4513,20.4343,20.4448,20.0760,20.3078,20.5558,20.2060,20.2637,20.6123,20.4671,20.6519,20.6594,20.3439,20.5053,21.0194,21.0133,20.7209,21.0215,21.3982,21.4794,21.6257,21.4220,21.4294,21.3708,21.1615,20.5393,20.3902,19.4428,19.1972,18.0309,18.1442,18.1752,18.2031,18.2348,18.2631,18.2894,18.3118,18.3284,18.3422,18.3594,18.3558,18.3556,18.3471,18.3152,18.2979,18.2899,18.2580,18.2282,18.1931,18.1501,18.0855,18.0231,17.9696,17.8851,17.7867,17.7180,17.6326,17.4954,17.3928,17.2750,17.1464,17.0037,16.8364,16.6874,16.5461,15.9099,15.8810,15.8456,15.9261,16.4897,17.2557,18.1988,19.1473,25.5487
67.4733,69.6214,67.1283,32.8878,33.3723,33.2781,33.4859,33.9054,34.3106,34.4753,34.7369,34.7091,34.5762,34.6792,34.9398,35.2051,35.3446,35.3859,35.3942,35.2179,35.4302,35.5628,35.4922,35.1997,35.0132,35.1777,35.3039,35.0179,35.2117,35.1432,35.3462,35.2068,35.2245,34.9987,35.4814,35.6371,35.8297,35.4916,35.5659,35.4972,36.0133,35.9655,36.0497,35.9344,36.4080,36.0402,36.2595,35.6452,35.7556,34.6020,34.0660,32.9660,32.9933,33.0167,33.0327,33.0471,33.0614,33.0694,33.0809,33.0775,33.0771,33.0851,33.1003,33.1075,33.1047,33.1047,33.0932,33.0642,33.0432,33.0149,32.9744,32.9185,32.8542,32.7753,32.7036,32.6261,32.5283,32.4167,32.2842,32.1413,31.9671,31.7758,31.5719,31.3337,31.0816,30.8169,30.5404,30.2828,30.0507,29.9252,29.9589,30.2625,30.8286,31.6745,32.6400,37.2183
0.0000,0.0000,0.0000,32.5183,34.0043,34.3420,34.2714,34.0572,34.2780,34.3834,34.1944,33.7490,33.5433,33.5383,33.4745,33.6033,33.8152,33.7675,33.5921,34.0405,35.5539,35.3544,35.1460,34.3646,34.1155,34.9189,33.3252,32.4727,32.4958,33.2679,33.9021,34.4209,34.5978,35.0498,35.5515,36.1880,36.2774,36.4350,36.6070,37.3948,37.8467,38.3949,38.4187,38.8190,38.9383,38.5450,38.3645,38.4197,38.4542,37.4822,36.6047,35.8169,35.7400,35.7693,35.7996,35.8321,35.8759,35.9108,35.9368,35.9363,35.9265,35.9055,35.8782,35.8476,35.8160,35.7861,35.7399,35.7234,35.7608,35.7948,35.8116,35.7691,35.7221,35.7272,35.7686,35.8191,35.8599,35.8675,35.8650,35.8152,35.7311,35.6109,35.4627,35.2777,35.0645,34.8178,34.6128,34.5595,34.6823,35.1342,35.7902,36.3548,36.8412,37.3064,37.4827,49.5329
1.4247,2.9795,0.6133,27.7653,28.4482,28.6882,28.8731,29.0322,29.1458,29.1131,29.4071,29.5300,29.4018,29.1056,28.7858,28.9906,28.7521,28.8766,28.5922,28.6176,28.3534,28.3633,28.3739,28.1811,28.1243,28.0927,27.9110,28.2148,28.2875,28.5383,28.2420,28.3281,28.5491,28.6389,29.0221,29.3502,29.1272,29.4530,29.7459,29.8341,30.1766,30.3540,30.2978,30.6235,30.4719,30.2179,30.1465,29.7248,29.5302,28.0712,27.0406,27.0874,27.1120,27.1559,27.2086,27.2666,27.3188,27.3673,27.4166,27.4633,27.5258,27.5853,27.6448,27.6874,27.7446,27.7916,27.8359,27.8650,27.8735,27.8919,27.9057,27.9098,27.9084,27.8878,27.8637,27.8174,27.7524,27.6631,27.5503,27.4053,27.2404,27.0333,26.7963,26.5162,26.2215,25.9199,25.6585,25.4671,25.4253,25.5894,26.0085,26.6089,27.2986,27.9958,28.6550,38.2478
4.8333,6.4116,3.7019,20.0705,22.1428,22.4767,22.5505,22.3816,22.1339,21.5885,21.4217,21.3741,22.0092,22.3256,22.6690,22.3794,22.2528,22.1909,22.0391,21.9332,21.8269,22.1913,22.2058,21.9810,22.1647,22.1307,21.8913,21.4927,21.5394,21.9974,22.0747,21.9090,22.1232,22.1391,21.6788,21.7805,21.9691,22.3081,22.5273,22.3450,22.5527,22.3897,22.4554,22.4734,22.2674,21.5474,21.0475,20.6150,20.2189,19.9889,19.2250,18.6111,18.8504,18.8849,18.9145,18.9446,18.9729,19.0087,19.0437,19.0707,19.0880,19.0912,19.0947,19.0827,19.0692,19.0247,18.9952,18.9572,18.9146,18.8744,18.8223,18.7660,18.6981,18.6196,18.5265,18.4217,18.3292,18.2293,18.0886,17.9435,17.7962,17.6093,17.4067,17.1937,16.9658,16.7429,16.5046,16.2746,16.0967,15.9849,15.9912,16.3030,16.9012,17.8134,18.9168,25.7671
0.0000,0.0000,0.0000,0.0000,1.0727,1.2307,1.6245,1.9170,1.9420,1.9485,1.9098,1.7326,1.4581,0.9785,0.7740,0.7841,1.0987,1.5665,2.5037,1.0239,0.0000,0.0000,0.2792,0.6847,0.8977,1.3664,1.7027,1.7449,2.6119,4.1961,4.5383,2.9903,2.6965,2.9719,3.3567,3.9929,3.9040,3.0440,2.8790,3.0067,3.5187,3.7649,4.3782,4.6505,4.8978,5.1398,6.0860,6.0152,6.0494,4.5485,3.6819,3.4792,3.4495,3.4915,3.5368,3.5766,3.6105,3.6357,3.6758,3.6986,3.7096,3.7014,3.6872,3.6555,3.6465,3.6346,3.6894,3.7907,3.9158,4.0434,4.1461,4.2241,4.3054,4.3572,4.3822,4.3912,4.3735,4.3018,4.1621,3.9966,3.7800,3.5299,3.2529,2.9702,2.7273,2.5127,2.3433,2.2169,2.1877,2.3127,2.6543,3.2351,3.9328,4.6849,5.4187,21.2963
13.4810,16.0666,13.7376,1.3149,1.6799,1.4142,1.6692,1.6619,1.3829,1.3480,1.8623,2.0145,1.9586,1.8921,2.1098,2.2668,2.2944,1.9136,1.7381,2.0088,2.0512,1.9751,2.1874,2.1429,2.1269,2.1936,2.0223,1.6211,1.8703,2.1437,2.2562,1.9674,2.1441,2.7636,2.8495,2.5292,2.5498,2.9126,3.0980,3.1024,3.5283,3.8718,3.6410,3.6735,3.1882,2.8392,2.7823,2.6536,2.4513,1.6410,0.9440,0.1241,0.2922,0.3174,0.3379,0.3614,0.3726,0.3880,0.4013,0.4047,0.4008,0.3926,0.3787,0.3600,0.3319,0.3066,0.2753,0.2319,0.1658,0.1112,0.0518,0.0000,0.0000,0.0000,0.0000,0.0000,0.0000,0.0000,0.0000,0.0000,0.0000,0.0000,0.0000,0.0000,0.0000,0.0000,0.0000,0.0000,0.0000,0.0000,0.0000,0.0000,0.0000,0.0000,0.0000,8.8881
5.8766,8.3628,5.9024,0.0548,1.4641,1.9137,1.9747,1.8056,1.9860,2.2554,1.9374,1.7375,1.4885,1.3197,1.1033,1.0072,0.7704,0.6177,0.7263,0.7108,0.4831,0.2350,0.0000,0.0000,0.0000,0.0000,0.0000,0.0000,0.0000,0.0000,0.0000,0.0000,0.0000,0.3038,0.0000,0.0000,0.0000,1.6624,1.3098,0.6836,0.0000,0.0000,0.0000,0.0000,0.0000,0.0000,0.0000,0.0000,0.0000,0.0976,0.0000,0.8157,0.9435,0.9798,1.0065,1.0371,1.0627,1.0814,1.0985,1.1160,1.1212,1.1032,1.1107,1.0989,1.0676,1.0250,0.9934,0.9538,0.9063,0.8434,0.7752,0.6942,0.6101,0.5194,0.4203,0.3124,0.2147,0.0832,0.0000,0.0000,0.0000,0.0000,0.0000,0.0000,0.0000,0.0000,0.0000,0.0000,0.0000,0.0000,0.0000,0.0000,0.0000,0.7322,1.7596,17.0354
0.0000,0.0000,0.0000,0.0000,0.7551,0.7611,0.8383,0.8088,0.7710,0.7649,0.8387,1.0812,1.5311,0.9831,0.6460,0.5321,0.5077,0.0667,0.2255,0.3242,0.6052,0.3878,0.6085,0.8820,0.9264,0.9062,0.8433,0.9483,1.1064,1.4227,1.3177,1.5441,1.8123,1.7867,1.9225,1.9540,2.2712,2.6496,2.9031,2.7348,3.0543,3.2858,3.1380,3.0444,2.6894,2.2513,2.1725,2.0898,2.1327,1.0127,0.0166,0.0000,0.0000,0.0000,0.0000,0.0000,0.0000,0.0000,0.0000,0.0000,0.0000,0.0517,0.1566,0.2608,0.3552,0.4540,0.5512,0.6388,0.7079,0.7600,0.8242,0.8640,0.9134,0.9397,0.9471,0.9252,0.9163,0.8964,0.8785,0.8651,0.8212,0.7569,0.6734,0.5954,0.5199,0.4766,0.4614,0.4910,0.5957,0.7932,1.0914,1.5067,2.0371,2.6720,3.4059,15.5955
1.1585,3.6071,0.1228,0.0000,0.0000,0.1460,0.0000,0.0000,0.0000,0.0000,0.0000,0.0000,0.1161,0.7008,1.4647,2.2957,2.5926,2.5393,2.5259,2.6113,2.3440,2.5950,2.6369,2.6764,2.7074,2.8818,2.7966,3.2526,3.5018,3.2270,3.2713,3.1707,3.6608,3.9053,4.1400,3.9625,4.1109,4.3443,4.6528,4.4581,4.8173,5.1348,5.1157,5.2344,5.0141,5.2346,5.5573,4.8627,4.6095,3.7339,3.9045,2.0318,2.0816,2.1105,2.1010,2.0784,2.0430,1.9951,1.9636,1.9101,1.8756,1.8532,1.8485,1.8594,1.8792,1.8979,1.9198,1.9419,1.9760,2.0032,2.0256,2.0452,2.0674,2.0526,1.9969,1.9115,1.7926,1.6540,1.4881,1.2922,1.0752,0.8465,0.5705,0.3021,0.0505,0.0000,0.0000,0.0000,0.1739,0.5392,0.9906,1.4255,1.8464,2.2332,2.5623,8.9901
4.2041,4.9467,2.5839,0.0000,0.0000,0.0000,0.0000,0.0000,0.0080,0.3624,0.5154,0.4434,0.2590,0.3181,0.5780,0.2897,0.0122,0.0691,0.1120,0.0000,0.0000,0.0000,0.0077,0.0000,0.0000,0.0000,0.0000,0.0000,0.0155,0.0000,0.0000,0.3535,0.4615,0.1281,0.0407,0.2858,0.5403,0.7789,0.8758,1.1383,0.9517,1.2486,1.4827,1.6140,1.6421,1.5030,1.2220,0.9615,0.7250,0.0000,0.0000,0.0000,0.0000,0.0000,0.0000,0.0000,0.0000,0.0000,0.0000,0.0000,0.0000,0.0000,0.0000,0.0000,0.0000,0.0000,0.0000,0.0000,0.0000,0.0000,0.0000,0.0000,0.0000,0.0000,0.0000,0.0000,0.0000,0.0000,0.0000,0.0000,0.0000,0.0000,0.0000,0.0000,0.0000,0.0000,0.0000,0.0000,0.0000,0.0000,0.0000,0.0000,0.0000,0.0000,0.0000,8.2195
43.9415,46.7668,44.5659,0.0000,0.4269,0.0000,0.0000,0.1621,2.0681,1.7322,0.9185,1.1458,1.6722,2.0921,2.1965,2.3487,2.5094,2.7765,2.9560,2.8076,2.8173,2.9946,2.8476,2.6815,2.8146,2.9186,3.1106,3.5965,3.6543,3.5935,3.9745,4.3492,4.4474,4.4192,4.4612,4.7001,4.9703,4.6159,4.5778,4.9205,5.3070,5.4985,5.7558,5.3023,5.2010,4.9727,4.5408,4.1047,4.1752,3.7201,3.3022,2.1822,2.2614,2.2443,2.2134,2.1783,2.1522,2.1462,2.1565,2.1555,2.1448,2.1353,2.1217,2.1022,2.0790,2.0529,2.0286,1.9942,1.9562,1.9143,1.8621,1.7987,1.7383,1.6697,1.5871,1.4277,1.3317,1.1508,0.9746,0.7984,0.6844,0.6121,0.3657,0.0173,0.0000,0.0000,0.0000,0.0000,0.0000,0.0000,0.0000,0.6438,1.0583,1.7736,2.3895,12.8807
47.9798,50.7483,47.8567,15.0352,15.5192,15.5157,15.5309,15.9238,16.3863,16.6413,16.8538,16.8892,16.6164,16.6221,16.6339,16.5618,16.6669,16.9303,16.7873,16.8356,17.0530,17.1028,16.9675,16.7949,16.9185,16.9331,17.1300,17.0929,17.2275,17.1680,16.8024,16.8749,16.9999,17.2938,17.3776,17.4006,17.5772,17.5880,17.8334,18.0669,18.2052,18.0634,18.0179,17.9438,18.0470,17.8000,17.5145,17.4405,17.3139,16.4852,16.1658,15.0923,15.1198,15.1488,15.1744,15.1901,15.1996,15.2143,15.2198,15.2215,15.2161,15.2132,15.2054,15.1924,15.1680,15.1488,15.0927,15.0620,15.0217,14.9812,14.9262,14.8729,14.8087,14.7576,14.6744,14.5738,14.4799,14.3830,14.2851,14.1679,14.0278,13.8868,13.7011,13.4849,13.2666,13.0206,12.7343,12.4502,12.2100,12.0457,12.1011,12.3828,13.0679,13.9961,14.9998,20.5794
41.0296,43.9751,41.1816,25.2326,25.4536,25.6115,25.7547,25.5890,25.5995,25.7089,25.7011,25.9952,26.2028,26.2110,26.2159,26.4730,26.5319,26.1886,26.1244,25.9894,25.8736,26.1948,26.2823,26.3176,26.3373,26.1642,26.2425,26.2391,26.4739,26.4805,26.4669,26.7368,26.6960,26.6402,27.0713,27.3226,27.2484,26.8945,27.1184,27.4002,27.5944,27.6496,27.9166,27.8337,27.7660,27.6328,27.6797,27.3368,27.1939,26.4188,26.0691,24.8109,24.8388,24.8555,24.8824,24.8792,24.8982,24.9066,24.9151,24.9160,24.9166,24.9092,24.8972,24.8757,24.8526,24.8124,24.7855,24.7482,24.7118,24.6695,24.6136,24.5555,24.4827,24.4045,24.3163,24.2210,24.1193,24.0066,23.8509,23.7104,23.5348,23.3305,23.1158,22.8737,22.5937,22.2978,21.9983,21.7398,21.5446,21.5664,21.8557,22.4104,23.1580,23.9999,24.8255,32.6034
0.0000,0.0000,0.0000,22.9941,23.9859,24.1413,24.3581,24.6283,24.8024,24.8713,25.0577,24.8877,24.5010,24.4545,24.2161,23.6298,23.3203,23.2087,24.0162,24.7867,23.2202,22.3982,22.2530,22.6150,22.9145,23.0484,23.4011,23.5988,23.5367,23.9201,24.1406,24.2860,24.2490,24.6283,25.1332,25.6293,25.9774,26.3842,26.4800,26.7568,26.9593,27.1510,27.4552,27.9359,27.6558,27.6559,27.3697,27.2996,27.2557,25.5792,24.3946,24.7193,24.6432,24.6994,24.7579,24.8259,24.8802,24.9431,24.9871,25.0353,25.0791,25.1286,25.1615,25.1753,25.1721,25.1645,25.1687,25.2257,25.3277,25.4423,25.5506,25.6359,25.7078,25.7699,25.8151,25.8339,25.8322,25.8092,25.7693,25.6769,25.5553,25.3979,25.2061,24.9823,24.7191,24.4543,24.2098,24.0319,23.9963,24.1618,24.5633,25.1278,25.7684,26.4178,27.0380,41.7783
0.0000,0.0000,0.0000,17.2915,21.0293,21.0239,20.7554,20.5673,20.6292,20.5948,20.5853,20.8612,20.9621,20.8428,20.9929,21.2316,21.4746,21.3490,20.5364,20.8783,21.1547,21.7023,21.3461,21.1303,21.0744,20.7623,20.5245,20.5523,18.7647,17.8398,17.4386,17.9120,18.4577,18.6939,19.1026,19.6759,19.8979,19.9032,20.7900,21.7286,24.4605,25.5168,24.9197,25.0701,24.7696,24.7794,24.8391,24.3867,24.0714,22.8934,21.7946,21.3603,21.4167,21.4498,21.4756,21.4926,21.5096,21.5209,21.5365,21.5580,21.5828,21.6009,21.6334,21.6575,21.7103,21.7856,21.8799,21.9577,22.0244,22.0532,22.0701,22.0714,22.0622,22.0286,21.9878,21.9776,22.0320,22.0963,22.1848,22.2026,22.2461,22.4607,22.5262,22.5246,22.6718,22.1094,21.9989,21.8140,22.2589,21.5101,22.2973,22.7406,22.3067,22.9942,23.8997,38.9914
9.5211,11.9889,9.5827,11.9734,12.3457,12.5047,12.7952,12.9492,13.0519,13.1442,13.2735,13.1158,12.9612,13.1680,13.2728,13.4818,13.5685,13.4632,13.3717,13.1768,13.1678,13.4024,13.2873,13.1032,13.1476,13.3861,13.3529,13.1646,13.5122,13.6185,13.2612,13.3965,13.3335,13.6686,13.8066,13.7362,14.2091,14.4361,14.0899,14.2920,14.3300,14.1587,14.4881,14.4808,14.2729,13.8417,13.2784,13.0729,13.4205,12.4180,11.6868,11.1943,11.3480,11.3717,11.3985,11.4220,11.4396,11.4616,11.4766,11.4831,11.4956,11.5044,11.5108,11.5019,11.4917,11.4741,11.4563,11.4116,11.3718,11.3247,11.2778,11.2186,11.1524,11.0707,10.9854,10.9075,10.7991,10.7124,10.5952,10.4735,10.3129,10.1133,9.9126,9.6171,9.3735,9.0138,8.7944,8.4806,8.1826,8.7208,9.3066,9.8417,10.2285,10.8364,11.7867,18.0724
70.2517,72.7683,70.5246,18.0269,17.5161,17.7392,17.7032,17.5679,17.5569,17.6557,17.9443,18.0743,18.1299,17.8081,17.8748,18.2772,18.2415,18.1159,17.9790,18.0847,18.1633,18.1176,17.9201,18.1931,18.2213,17.9880,17.8991,17.7200,18.0084,18.1787,18.2909,18.1809,18.3249,18.3590,18.1048,18.4183,18.4959,18.8750,19.0529,19.3584,19.0722,19.3494,19.6309,19.7026,19.2979,19.1350,19.3467,18.8069,18.9635,17.6771,16.8918,16.3663,16.4438,16.4730,16.5027,16.5366,16.5673,16.5983,16.6210,16.6398,16.6584,16.6660,16.6731,16.6620,16.6619,16.6510,16.6387,16.6143,16.5894,16.5482,16.4932,16.4363,16.3534,16.2626,16.1622,16.0705,15.9694,15.8421,15.6812,15.5111,15.3174,15.0940,14.8584,14.5740,14.3000,14.0538,13.8562,13.7803,13.8730,14.1777,14.6842,15.2962,15.9355,16.5521,17.1024,25.5508
5.6323,7.2067,3.5803,20.7757,22.2804,22.6915,22.8293,22.9956,22.9229,22.9271,22.7400,22.4608,22.0376,22.2137,22.6762,22.5880,22.2505,21.9282,22.0610,21.8636,21.7203,21.8000,22.1610,22.0532,21.8457,21.3837,21.4663,21.8015,21.8592,21.8139,21.6246,21.4066,21.4653,21.8693,21.9510,21.6221,21.8842,21.9649,21.5874,19.5329,17.8757,17.6571,18.2356,19.4992,22.2043,23.6492,23.0749,22.9412,22.6815,20.2389,19.7044,20.0722,20.2493,20.2802,20.3124,20.3429,20.3698,20.3878,20.3967,20.3975,20.3828,20.3759,20.3649,20.3573,20.3431,20.3180,20.2938,20.2562,20.2213,20.1761,20.1382,20.0857,20.0310,19.9489,19.8519,19.7736,19.6628,19.5501,19.4274,19.2644,19.0922,18.8773,18.6481,18.4222,18.1525,17.9524,17.7613,17.7375,17.2921,17.5733,17.8257,18.3397,19.6517,20.0922,20.9972,30.8031
17.6184,20.6824,17.8372,22.0774,24.7272,25.0444,24.9190,25.1166,25.2725,25.1464,25.3540,24.9669,24.8517,24.5551,24.5805,24.6831,24.4322,24.7551,24.9771,24.8794,24.2404,24.2095,24.2462,24.2385,24.5961,24.5958,23.8940,24.6106,24.7237,24.5592,24.7354,24.7929,24.6800,24.6691,24.5503,24.4294,25.2847,24.9221,24.9422,25.4778,25.4009,25.4007,25.9273,25.4915,24.5839,24.7964,24.9108,24.3195,24.3617,22.6464,21.9242,21.5199,21.6639,21.7117,21.7611,21.8205,21.8861,21.9570,22.0216,22.0907,22.1563,22.2232,22.2901,22.3426,22.4026,22.4437,22.4756,22.5125,22.5208,22.5433,22.5280,22.5218,22.5094,22.4700,22.4324,22.3795,22.3126,22.2571,22.1814,22.0437,21.8551,21.6775,21.4857,21.4352,21.3717,21.2582,21.1601,21.0440,20.8625,21.2075,21.1538,22.0048,22.5836,23.1222,22.9963,31.1870
11.3401,13.8100,10.0537,25.3418,26.7451,27.0006,27.2173,27.4381,27.3366,27.2121,27.2835,27.2739,27.2333,27.4572,27.6758,27.4501,27.3680,27.5749,27.6928,27.7614,27.4148,27.0841,27.2085,27.4834,27.4863,27.4346,27.4683,27.8113,28.0611,27.7953,27.9412,27.6571,27.8143,28.3303,28.3881,28.2187,28.4465,28.5837,28.3233,28.3583,28.6962,29.0821,29.3632,29.3373,29.5907,29.4771,28.7584,28.7710,28.8091,27.9622,27.8441,25.9815,26.0324,26.0483,26.0644,26.0850,26.1126,26.1368,26.1542,26.1777,26.2049,26.2181,26.2283,26.2226,26.2204,26.2094,26.1903,26.1792,26.1623,26.1389,26.1210,26.0691,26.0314,25.9968,25.9433,25.8834,25.8045,25.7170,25.6125,25.4879,25.3493,25.1980,25.0297,24.8398,24.6380,24.3969,24.1370,23.8888,23.7073,23.5576,23.5856,23.8819,24.4678,25.3257,26.3329,31.9338
