39.4261,40.5372,44.6635,43.6825,41.1773,41.8565,42.1819,40.6698,43.7450,42.5818,39.3859,38.5459,39.5665,40.2306,40.2592,40.3684,40.9424,39.9540,41.2700,36.4174,42.3750,38.9447,43.9198,45.2574,45.4612,43.3084,41.4407,37.5092,35.5843,37.6234,36.4970,39.1285,37.5890,35.7779,34.3044,35.8306,36.6785,33.0055,34.4747,33.2865,37.7305,32.1305,37.1824,34.5858,29.4160,33.1143,33.0431,39.1466,35.7652,36.2743,32.2077,35.7084,31.1170,34.3951,30.4508,32.1667,32.0513,28.4813,29.5884,26.9048,31.4346,27.4709,23.6416,27.2607,23.1410,25.6905,22.0947,26.7948,29.6285,25.8777,26.7910,23.0541,22.8008,20.4879,22.1224,27.3940,25.3162,22.2980,19.0910,20.9377,15.7273,19.3464,16.2581,18.1245,19.3224,16.9420,16.3213,25.2354,18.6357,19.5540,22.5633,19.4354,21.1123,18.9349,23.0393,18.2126
8.8146,7.0819,8.1855,6.8611,5.5828,6.5729,6.1604,5.8212,8.4112,10.1331,7.0012,6.1775,3.5112,6.9698,7.5281,7.7824,11.4196,8.8863,10.5309,9.5022,9.0122,6.4486,7.7862,9.9526,10.4363,10.9644,12.1640,9.1956,8.1411,13.6101,12.3233,10.6618,10.3381,9.2467,9.7243,12.9552,11.8449,9.4003,8.8459,11.3788,13.3653,9.1567,11.9156,14.2565,12.5169,11.4809,10.0961,16.0070,13.9278,12.8129,9.8270,11.0365,12.6200,12.2539,12.0066,8.1600,11.2442,7.9292,10.4318,8.0467,13.0311,12.6894,13.0903,12.5996,9.1597,8.6929,10.5305,11.5568,14.8471,10.4953,11.1890,10.0198,10.4143,9.8871,15.5215,15.7374,14.0207,13.3892,10.5401,11.2755,9.9782,13.1873,12.5675,12.5797,12.0209,14.0004,10.8397,14.8580,11.1290,13.1402,14.2032,9.8914,14.6937,13.9442,15.3985,12.6353
9.8436,7.6591,9.4228,8.8242,6.7150,8.0476,7.5870,7.8022,10.2414,10.4003,7.3817,9.3480,5.1955,8.9583,9.1385,9.9124,12.6058,9.3432,11.4175,10.6859,10.9324,8.8667,9.8144,12.3433,12.7534,10.9988,12.7042,11.2773,8.7940,14.6334,12.4374,11.0344,12.5990,10.3649,8.0651,12.2417,11.1845,8.0771,10.7834,12.8698,13.5875,9.8706,14.3702,14.1657,13.7791,12.9761,12.4049,16.7589,17.0789,13.9817,11.1459,14.7390,13.6594,15.7169,14.8967,12.5791,12.5298,11.5374,12.5477,10.4176,13.1152,12.8855,14.1745,13.8959,11.9678,10.2403,10.2852,13.8899,16.5619,12.3446,13.3412,11.9082,13.3050,10.7616,14.9881,15.5147,13.9520,13.5934,10.9999,11.0011,9.0436,10.7684,9.2880,12.5639,11.3175,11.8410,11.2063,15.0909,9.5054,14.6258,15.2994,12.1754,15.3532,13.3046,15.0236,13.4375
10.1145,8.5558,9.9199,8.0422,7.3060,8.2343,7.2758,7.0670,9.4746,10.7075,8.3617,9.2067,4.7359,8.3295,7.9615,8.9123,11.9772,8.6639,10.6946,9.4636,9.5880,7.7228,9.3139,11.2979,10.9954,10.9968,11.2576,7.9021,6.5395,11.6932,9.8558,9.3103,8.5105,6.3918,5.9189,8.7515,8.6569,5.1836,6.5681,7.6469,10.3441,5.5163,9.3627,9.3446,7.6078,6.3921,7.3475,11.7359,11.8211,9.7246,6.8031,8.6434,8.5182,11.1333,11.3770,7.8120,8.9337,5.8803,7.7672,5.1564,10.9777,10.7473,12.8856,12.6690,11.4529,9.2660,10.8517,12.2399,15.2327,10.3393,10.0290,9.1753,11.4761,9.2999,12.2302,13.4509,11.0295,10.4746,5.9787,6.3297,5.5424,6.9101,5.3872,7.6856,7.6364,7.4792,5.5146,10.2725,5.6690,9.5500,10.7338,8.3305,12.3519,10.5650,13.0895,11.0623
0.7449,0.6852,1.6502,1.4383,0.0040,0.6732,0.0594,0.1118,1.9567,2.2954,0.6987,1.6756,0.0000,1.7816,1.3553,2.5801,4.7029,2.2203,3.6107,3.0146,3.3812,1.5567,3.1248,4.2087,5.0722,4.7353,5.2767,2.9788,2.8744,5.1923,5.0538,4.9758,3.9042,3.6664,3.0101,4.7876,3.9797,2.8451,2.5504,3.2029,4.4351,1.5030,3.4753,4.0505,3.8767,2.5081,3.0667,5.5387,5.6925,4.4890,2.8420,4.8026,3.6742,5.4222,5.2191,3.2757,5.0431,3.0976,4.4408,2.7000,6.5209,5.5676,6.6202,6.4832,5.4004,4.4084,5.6387,7.5570,9.3994,6.7689,7.0033,5.9985,7.9187,7.5002,9.7969,10.9668,9.8156,9.2298,7.1461,6.9176,5.1154,7.0572,4.9270,6.0060,5.3606,6.1696,4.5394,8.1958,4.3710,6.2074,6.6556,5.6013,8.2000,7.0239,8.0252,6.5470
20.2190,20.3261,20.6349,20.1266,19.2692,19.2006,18.8425,18.0777,19.1910,18.6962,17.6550,17.5977,16.7217,16.8992,16.9805,16.8257,16.5733,16.0488,17.1155,16.4324,17.3585,17.1857,17.6132,17.7802,17.8751,17.6618,17.1154,16.1968,16.0780,16.9401,16.8455,16.4565,16.1904,16.1682,14.8933,15.0685,15.7234,15.1296,14.6443,14.7023,15.5652,14.1909,14.8983,14.7045,14.3974,15.3652,14.5501,15.4837,14.5579,14.6092,13.2484,14.4777,13.5454,14.3939,13.6841,14.0846,13.6121,12.0259,13.3771,13.1757,13.8731,13.2318,12.0987,12.5288,12.1414,12.3778,12.1105,13.2274,13.7681,13.1756,13.2795,12.7676,12.7089,13.0497,13.4540,14.4835,13.9276,12.6396,12.2006,12.9524,11.1366,11.6448,10.4230,11.3771,10.6237,10.4794,9.9458,11.8817,9.7891,8.9912,9.7658,8.7008,9.7099,9.3305,9.3100,8.2036
12.4478,12.1230,12.5739,11.7029,11.4985,11.9743,11.6730,11.1900,11.9239,11.8201,10.4464,10.0078,9.2212,9.5490,9.6125,8.6893,8.9952,7.8258,8.9336,7.7404,8.6353,7.6133,8.3676,8.6551,8.9748,8.6569,8.2766,7.6213,7.7431,8.6151,8.0069,8.2286,8.0565,7.5212,7.4821,8.1674,8.1245,6.9751,6.4614,6.6845,8.1930,6.4950,8.0039,7.6290,7.1480,7.5899,7.0808,8.3816,7.3127,6.9481,5.3979,6.5419,6.6324,6.6699,5.9913,5.9798,5.6554,4.3666,5.0712,4.7226,5.6714,5.3590,4.6282,4.9678,4.0904,4.6103,5.0630,5.5415,6.3593,6.1624,6.0571,5.8909,6.3947,6.2342,7.2916,8.3774,7.5515,7.0989,5.2099,6.4203,5.6820,6.2997,5.4552,5.6582,5.8898,5.5363,5.6763,6.9891,5.6406,6.0281,5.8008,5.6623,6.6963,6.1298,6.9746,6.3943
1.8844,1.8250,2.0607,1.9747,1.7377,1.8803,1.6607,1.9590,2.8185,3.1049,1.9619,2.1091,1.2361,2.1139,2.3659,2.5500,3.5969,2.6377,3.1537,2.5042,3.1292,2.3902,3.1854,4.3226,4.4378,4.6443,5.0372,4.6589,4.0889,6.1617,5.9904,5.6209,5.3519,4.7350,4.9335,5.6190,5.2852,4.2068,4.2191,4.8757,5.6752,4.1864,5.2105,5.6041,5.0298,4.4634,3.7473,5.7060,4.7927,4.1593,3.7400,4.0347,4.5539,4.2550,3.8617,3.1475,3.6966,2.7646,3.8738,3.0826,4.5945,4.4401,4.6795,5.2856,4.2288,4.1835,4.8125,5.2639,6.6817,5.7465,6.0214,5.7135,5.8988,5.7579,6.9159,7.1956,6.3226,6.3806,5.2427,5.1923,4.8415,5.3843,5.2387,5.3417,5.2378,5.4414,4.6741,6.2415,4.4357,5.3705,5.5009,4.2172,6.3039,5.9246,6.0152,5.7666
3.0179,2.4204,2.9326,2.9153,2.1193,2.9250,2.8165,3.0730,4.0331,4.3501,3.4130,4.2757,2.7945,4.3624,4.1439,4.6141,5.7762,5.0585,5.3428,5.6182,5.5360,5.2045,5.7202,6.3839,6.0816,6.2633,6.9045,6.3285,5.5669,7.4834,6.8781,7.3181,6.9953,6.8539,6.1149,6.8953,6.5067,6.1452,7.2902,7.9130,7.6465,6.9032,7.9739,7.6317,7.7302,7.3558,7.5622,8.8837,8.1656,7.7961,6.3914,7.0880,6.5211,7.1079,7.1894,6.4720,6.2253,6.3626,6.6092,5.8187,7.9272,8.0540,8.4021,8.6498,7.9089,7.2495,6.9789,7.8194,8.7202,6.3999,6.3393,7.0964,7.4482,6.1740,6.9729,7.3177,6.5030,6.6955,5.9861,5.5354,5.3319,5.5289,5.6776,6.4449,6.1091,5.8465,4.7319,6.1184,5.0093,5.4050,7.0764,5.4552,6.3893,6.0038,6.6299,6.4161
28.0670,26.1650,26.5080,25.4629,25.0734,24.6385,24.4116,23.6467,23.8079,23.3750,22.7436,22.2145,21.3907,22.0408,21.2857,22.1489,22.9952,21.2407,22.4707,21.6872,21.7516,20.4372,22.0158,21.8733,22.7802,21.8933,21.6975,20.2972,19.1656,20.3629,19.7542,19.9024,18.7453,18.3946,17.8059,17.4856,17.3222,16.3054,16.8484,15.7643,15.8701,14.7980,16.4202,16.5960,15.0635,14.9650,16.0245,16.7128,16.6236,16.1771,15.0407,15.5359,15.0038,16.4418,16.2297,15.6752,16.3822,14.3936,15.7333,15.1529,16.7776,15.4419,14.9416,14.9324,13.3095,13.4202,12.5875,13.5315,14.6500,12.3870,12.3793,13.1709,13.4796,12.9481,14.5309,15.1075,14.4220,13.8056,11.4682,12.2282,10.7400,11.8965,10.0113,11.2301,10.3518,10.3602,9.6792,11.1508,9.3008,10.4842,10.4960,10.2171,10.9469,10.5120,12.2524,10.2067
70.3350,70.8094,71.1709,71.2549,68.2110,67.0852,68.2382,65.9754,67.0637,68.2403,64.5794,64.8090,63.1115,62.1789,61.7753,63.9657,61.9311,61.3463,62.0520,60.1599,62.8230,61.7419,62.4418,66.2084,65.5798,66.8259,60.3502,60.2697,62.0815,63.2380,64.7165,61.5982,62.0673,60.3125,54.7403,57.3225,58.4553,56.4993,55.1855,52.7457,56.5171,51.3634,55.2652,54.4039,51.7369,52.8027,53.2675,55.7794,55.9434,54.8283,54.9341,53.9645,53.8439,55.8804,52.3082,55.6811,55.6672,53.6136,57.5403,56.3340,58.8097,53.4893,47.4915,50.2115,47.6447,51.1948,47.5686,51.2046,54.5812,56.5631,56.0320,52.4064,51.4153,53.6673,54.8605,57.7549,54.1840,51.7884,53.6707,52.4900,47.6230,47.0949,45.1573,48.1390,47.3467,47.5600,46.4493,55.0609,50.1380,46.2779,50.1401,47.8585,51.2419,45.7885,50.4990,47.2966
67.2278,66.9738,66.1449,64.1005,62.4093,62.5675,59.9679,59.0070,61.1792,60.3363,56.2431,54.5341,50.4981,49.4994,49.9534,45.7210,46.5885,44.5200,45.7744,43.1701,45.7266,42.6956,41.9378,42.7718,43.2750,42.9218,41.3347,39.0691,38.0809,42.7040,40.2314,40.2609,37.8006,39.4925,38.6271,40.9682,41.0279,36.1158,33.9783,36.5210,39.0576,34.2834,37.6704,37.8488,35.0636,36.2325,32.0797,38.8013,34.4591,32.4560,29.1326,30.3838,31.3730,31.7672,28.3172,28.6180,28.8448,23.9450,26.0746,25.1524,29.3189,27.9399,26.3988,25.7136,22.3756,21.7875,24.9185,27.4017,29.4293,28.4803,27.6206,26.0311,26.4363,24.8042,30.3708,32.7673,28.9579,27.1121,23.6831,26.2404,22.2390,25.4758,24.3785,24.1975,23.1002,23.2738,23.1534,29.2033,24.3840,24.6250,26.4212,23.8304,27.0217,28.0180,27.0315,26.9721
41.8472,39.4179,38.9275,37.7535,37.2795,36.9913,36.0178,35.6531,36.8844,36.8871,34.1445,34.4786,30.6521,32.6946,32.1171,30.0811,33.5908,30.2610,31.5353,29.6661,30.0094,27.1809,28.0894,29.7900,30.0833,29.6178,30.0599,29.4236,27.1303,32.0727,28.1004,26.4465,25.7302,24.7322,25.1632,26.7529,25.2488,22.1679,22.5056,23.5357,23.5079,20.2711,23.3886,23.7184,22.2825,21.7263,18.9190,24.5408,22.6007,20.8385,18.5255,19.8678,20.7906,20.1286,19.4302,14.7797,15.6630,13.1557,16.5300,14.1040,16.3262,17.8976,18.4284,16.3575,13.9689,13.2232,15.0536,17.5827,19.5744,16.4429,17.2268,17.5988,18.4682,16.9008,21.7395,22.6973,19.4141,20.3396,15.7008,17.3126,15.4062,16.8626,18.9855,18.0870,16.3747,17.7961,16.9262,19.5510,16.6896,20.5576,21.6419,18.6468,23.1604,23.9912,23.7169,23.6271
12.0944,11.5665,12.3001,11.1375,9.6028,10.3878,9.3970,9.5655,11.8095,12.6150,10.9403,11.5824,7.2154,11.1066,10.9037,12.7414,15.3537,13.3111,14.4270,13.3928,14.1013,12.0735,13.3677,15.5170,14.8246,15.8042,16.2093,14.6249,13.5860,17.8997,17.4450,16.5317,16.6645,14.4156,14.2409,16.8185,15.8040,13.2836,15.1805,16.6967,18.3439,14.1868,17.9915,18.2354,16.9032,17.0477,16.5852,21.8695,21.5484,19.2595,17.4597,20.0744,19.9028,21.1504,19.8836,17.3921,18.2640,15.4469,17.8118,15.4286,19.4687,18.9774,20.0384,21.8223,19.4700,18.0621,19.1182,20.7806,24.5060,21.1748,22.0009,21.5174,22.9435,21.8054,25.5302,25.6447,25.4528,25.1854,22.7850,22.7667,21.5366,24.4399,22.9108,24.6245,25.9670,25.5426,24.5722,28.5742,24.7904,28.5476,29.1368,25.9568,30.2862,28.5560,31.1489,29.8781
5.2449,4.6649,5.1813,4.2413,3.3788,4.2175,3.6515,3.9349,5.8815,7.3206,4.9206,6.0088,1.9277,5.5618,5.2548,7.3430,9.7330,7.2769,9.2038,8.7350,8.9661,7.3303,8.8397,10.7783,10.7469,12.0499,11.3156,9.0097,7.7202,12.3519,11.0783,10.2696,10.0720,7.9223,7.2961,10.0957,9.4592,7.5689,8.6672,11.0131,12.4639,7.7979,12.1799,11.7518,10.8447,9.9574,10.4197,14.9549,14.7592,13.5772,10.6224,13.1062,13.0499,14.6508,13.8988,11.7961,13.3491,10.4250,12.5685,10.6775,15.2564,15.1184,15.9178,17.0531,15.2939,13.6029,14.5090,16.0893,19.0589,15.1727,15.5605,15.1558,15.7307,15.1575,18.2487,18.8529,18.0504,16.9278,14.4066,14.5810,12.7017,14.6948,13.6117,14.9408,15.5266,15.1760,13.3289,17.4616,13.2262,16.2006,17.9090,14.8134,18.3655,16.6945,18.9737,17.6150
21.6825,21.6889,23.4460,23.1005,22.0610,22.0307,21.6593,21.1404,22.1155,22.3239,21.2333,21.1646,19.3543,22.6065,21.7434,22.9746,24.6370,21.4855,23.3784,23.1439,24.1859,23.1729,24.2236,25.9121,25.4445,25.8121,25.4038,23.4884,23.3755,24.9420,25.4536,25.7288,24.2627,24.1669,22.0453,24.1494,24.3349,22.1425,22.9815,22.1003,23.7664,20.9467,22.7620,22.7639,21.4775,21.3929,22.6898,24.2507,24.5187,23.8658,21.9866,23.6128,23.5478,24.6015,24.7499,25.2484,25.7325,24.8141,25.7846,24.3845,27.4268,25.1428,24.6642,25.6832,24.7182,24.9703,24.4582,25.7779,28.6130,26.0313,26.5361,24.9565,26.5949,27.2901,26.5322,29.3455,28.3035,27.4875,24.8792,25.5616,24.3334,25.9386,23.1213,25.7981,24.9169,25.2606,22.0579,27.7557,23.3908,24.1409,24.4545,23.2993,24.8906,23.6213,26.4559,23.5780
34.7705,36.2220,38.6670,41.5562,38.0736,38.2907,38.8303,38.3603,41.1751,41.2343,38.3810,38.3075,37.6593,37.5584,39.1528,39.1700,40.9936,40.3172,37.0056,38.0119,40.8699,40.7021,41.8779,44.1417,44.1877,44.7365,42.5153,42.1754,43.1125,45.8228,48.9108,47.6910,45.1773,46.9681,44.6537,45.1130,45.8108,44.0868,45.5200,44.0910,46.0418,44.5758,44.6306,43.9359,42.6246,44.7272,44.1937,45.5023,44.9408,44.2594,44.9392,44.0890,42.1736,43.4340,42.0341,43.9258,44.2274,45.8256,48.7781,46.9017,51.6047,46.6443,42.1538,44.3238,42.3405,45.2641,40.9745,43.6395,47.7262,44.9151,46.4455,44.1734,46.6677,46.1549,48.1531,48.8307,49.2189,46.4455,46.3150,48.7163,43.4234,44.5812,43.5094,45.8665,45.4386,44.9182,43.6983,49.7141,44.3492,42.8445,43.7535,41.4896,39.9200,38.0549,41.2001,36.7784
60.3839,59.7841,60.1392,58.3565,56.2022,55.5105,55.0081,54.5471,55.6817,55.5914,52.0434,50.8108,47.5153,47.9012,48.1988,48.4406,46.2573,45.3077,47.3314,45.3208,47.3588,44.3501,45.3245,44.8707,44.8512,45.0259,42.3334,41.5984,43.2442,43.0595,43.4004,43.5453,42.0573,43.0326,40.7691,42.8119,42.8485,40.3877,38.5276,37.8849,39.8035,35.6982,38.3400,39.1849,38.2369,39.0799,38.7503,43.3178,41.0743,40.8187,37.8758,41.1486,40.0198,41.0769,38.7940,37.3920,37.7855,33.1839,35.2480,33.8952,35.3263,33.1898,29.9716,29.8108,26.8502,28.5833,28.3628,29.8066,33.9527,32.7436,33.3934,31.1566,31.3139,31.4533,36.9725,39.6586,36.8868,35.9898,33.8364,37.0664,33.8315,37.0079,35.3262,35.3129,34.6020,34.9338,33.0307,38.7036,32.3994,33.8113,33.8951,32.4354,34.5426,33.8026,35.4738,32.2396
9.5145,8.4150,9.0217,7.8885,6.8117,9.1052,7.3386,8.3379,10.2313,10.9891,8.2066,8.6189,5.6692,7.3217,8.5563,7.2117,9.1787,6.9017,8.9994,7.0861,7.6829,5.0162,6.4224,7.4437,7.1487,8.8754,9.2232,8.2775,6.0249,10.7426,9.2305,8.2709,8.6156,6.7961,7.4653,10.4394,10.2468,7.6094,8.3389,11.5037,13.9455,9.1260,13.6382,13.6267,13.1509,13.2716,10.5736,16.4519,14.3829,12.2047,9.7241,11.0615,11.9692,13.1448,11.3196,9.0732,9.9141,7.7186,9.4115,8.3948,10.5286,11.6526,11.3628,11.8666,9.7236,8.4965,10.4201,10.9801,14.3044,12.4422,13.1001,12.8912,13.7644,12.8292,16.6256,17.0546,16.6962,15.9721,12.3304,14.0916,12.9326,14.3373,13.6766,14.4521,14.5749,13.8654,13.6600,15.6007,14.2683,16.2981,17.6053,13.9320,17.8216,17.6722,17.3399,17.3792
5.8469,5.1213,6.1933,5.5373,3.8466,5.2432,4.9243,4.8831,6.3983,8.2754,5.3683,6.6798,2.7366,7.1124,5.9907,7.2821,10.1756,6.6148,8.8025,8.0014,8.3175,7.0426,9.0145,11.3844,12.3493,12.4140,11.8026,10.0926,9.2798,14.0997,12.5448,12.3594,12.6008,10.8654,9.1881,11.3211,11.2474,8.8456,10.6311,11.7601,13.4631,9.2310,12.6213,12.5483,12.3214,9.8043,11.3899,15.5030,14.9393,13.7856,10.5471,13.7081,13.4281,15.4362,15.0756,13.1379,13.5227,12.1485,13.5721,11.0695,15.4839,15.1872,16.5607,18.6370,15.1552,14.7780,16.0483,16.8096,20.1239,16.5374,16.4247,16.5940,18.1781,15.9542,19.0101,20.5386,19.2197,18.8408,15.6237,14.9631,13.4596,14.7172,13.2461,15.0550,14.3555,13.8987,11.6694,15.7260,11.2169,13.4942,16.3379,12.7604,17.3904,15.8198,18.1788,17.7934
5.0419,4.5010,5.6436,4.1184,2.9692,3.4448,2.9268,3.0095,5.3407,5.9192,3.8992,4.4655,0.4323,4.2270,3.8559,5.5401,7.9355,4.8214,6.6466,5.1949,5.4256,3.6398,5.3425,7.3990,7.0340,7.0961,8.0619,5.4154,3.8848,8.8238,7.5111,6.8070,6.3971,5.1869,4.6365,6.9126,6.6633,4.5306,6.0039,7.5959,9.4979,5.1205,8.6470,8.9379,7.2472,6.9778,6.7286,11.1566,9.7850,8.4599,5.9322,8.1403,8.0091,9.6982,8.7088,6.7473,7.3160,4.1072,6.6650,4.5013,9.3708,8.2241,9.3258,10.2590,8.5232,7.2695,7.4575,9.3399,12.6858,8.6206,9.2206,8.4664,9.9862,8.8711,11.2811,12.8674,11.6436,10.9688,7.4223,7.6071,6.2305,8.4943,7.2479,9.3127,9.2084,9.4810,7.6487,11.7516,7.6174,11.1462,12.1614,8.8942,13.2474,12.5269,14.8298,13.2166
48.7810,46.9024,47.7258,45.8398,44.0834,43.5605,42.3124,41.1958,42.0042,41.1192,38.0211,37.6554,33.5944,34.6724,34.6199,35.9075,36.1866,33.6939,35.4537,34.8336,35.6380,32.8367,33.5622,34.1328,33.9340,33.4275,32.3131,29.5568,27.9256,31.2067,30.3285,29.9924,29.5007,28.9620,26.0588,28.1054,28.5643,25.7227,24.5705,24.9990,26.5245,22.8560,26.3106,26.4213,26.3655,25.5077,27.0373,29.1911,28.5401,27.7980,25.5515,27.6376,26.5828,27.6456,27.4398,26.5440,27.1384,23.0152,24.7485,23.0078,27.7299,25.6797,25.5778,24.5346,23.0668,21.4320,21.9748,25.1331,27.3470,23.6302,23.3962,23.0490,24.6533,24.2359,27.0759,29.0221,25.9984,24.9873,21.2644,21.7443,18.2484,20.1972,19.0039,20.8896,19.9160,20.1421,18.3169,23.5845,19.1412,19.9821,21.5849,20.3357,22.9473,21.3865,23.8894,21.3026
16.6688,19.4484,20.3717,23.4454,20.0246,21.7677,21.3163,20.4269,23.9944,24.3209,20.1196,21.0262,23.2040,24.0430,23.2376,23.0896,22.4476,20.7816,20.5529,19.2454,23.1869,20.5489,21.4646,23.7328,23.3303,25.1166,22.2771,22.6378,21.0784,22.2605,25.8895,24.5676,23.0692,23.9171,21.5825,25.4729,26.2951,26.9748,26.0102,25.9199,29.7458,25.2098,28.3195,29.0319,25.6079,29.0442,28.2095,30.2692,29.2284,27.8047,28.0862,30.1134,28.6587,31.5329,28.4989,31.4846,30.6529,27.5718,35.6312,34.5271,37.1248,36.5603,30.6984,35.1013,34.9071,36.8020,33.8484,36.1051,38.7995,39.5364,38.6152,34.2418,37.6136,38.2409,35.8208,37.4454,36.8567,35.9573,34.1263,35.5998,32.7102,33.7329,29.0089,35.4609,35.7639,34.5921,31.5514,40.0317,38.2065,35.6196,38.2377,35.7274,39.6492,37.6445,42.9748,40.2978
3.9090,5.7203,6.2376,7.6715,5.1858,5.8736,6.1632,6.7928,9.2454,10.2132,7.5806,9.0258,5.8135,7.7118,10.2509,8.9035,9.3739,6.9647,6.5525,6.0403,7.8340,5.8497,7.6635,9.4691,9.4851,7.9122,7.4012,6.4076,6.9116,8.9617,10.7157,11.8638,9.6270,10.8919,8.0323,9.3232,9.9855,9.3935,8.6709,9.4451,10.7193,8.7098,9.3983,10.9491,10.9594,11.2046,8.0273,12.2776,10.7729,9.0206,7.4269,9.5298,9.4742,8.7038,10.4184,10.8643,9.6354,8.6703,12.5917,9.9027,15.1882,14.5354,14.2829,15.7307,13.4911,15.2226,14.8141,17.8590,20.4953,19.5086,19.5917,18.8330,20.8356,20.7225,21.2293,24.4767,22.3465,22.3339,19.1126,20.4676,19.7936,19.4157,18.1562,18.9769,19.6570,18.9349,16.2421,22.2294,17.2959,16.3923,19.7839,17.8107,20.4047,19.5632,22.9658,21.4979
4.9432,5.4027,6.0480,6.9377,4.0662,5.0424,4.4389,4.2019,7.0695,6.7759,5.1811,5.7769,2.5891,6.3029,6.9342,7.0805,7.7282,5.3367,6.2562,5.5088,6.6098,5.0561,5.6935,6.5274,5.5978,4.4431,5.4887,3.7395,2.8336,5.2355,5.7398,6.2170,5.9137,5.8926,4.7668,6.1323,6.1709,5.3366,6.8904,7.9939,8.8782,7.3639,8.0367,8.6516,8.1894,9.0555,7.7866,11.6554,8.9718,9.1312,7.9909,10.3387,9.0843,9.2569,9.9487,10.5683,8.3034,6.6305,9.0001,8.0709,12.8137,12.5934,12.4826,13.7996,12.8632,12.6266,12.2423,14.6514,17.1116,14.1820,13.7980,12.5025,15.0266,14.5125,14.8328,17.0648,15.0024,14.8449,10.9023,12.6393,10.2687,11.3839,10.8688,13.0947,11.7998,11.7795,9.2447,13.7474,9.4885,10.3142,12.5022,9.6401,12.4192,13.2819,15.7442,14.0927
19.1772,18.4991,19.9624,19.4136,18.0120,18.7946,18.3919,18.5959,20.2497,20.5407,18.5610,18.5670,17.1773,20.1245,18.9341,20.1475,21.3552,19.3253,20.1960,19.3230,20.2063,18.2222,20.3123,20.9343,21.2353,20.6623,20.7694,19.0990,17.4116,19.7472,19.2515,20.2516,18.8546,18.5378,18.1244,19.1566,19.1255,17.4978,19.2561,18.1613,20.3502,17.7037,20.3172,20.6103,19.4272,19.1298,19.8794,22.9117,21.5848,21.5409,19.5685,21.2563,19.5794,21.5404,22.0013,20.6780,21.4249,19.6771,21.2483,20.2661,24.0356,22.9194,23.0431,22.9643,21.5421,21.0505,20.8652,21.7251,23.7220,20.5893,21.4177,20.0879,22.2348,21.3786,23.1410,24.7580,23.5469,22.3277,19.4041,20.0644,17.5686,18.7079,17.7467,18.5302,17.8216,18.2014,15.6070,19.8668,16.3837,17.7679,19.1359,18.2212,19.4673,18.5085,20.4553,18.5419
3.0684,2.7772,2.9936,2.2026,2.2420,2.3144,2.0515,1.6403,3.1458,3.7603,2.4050,2.6999,1.0516,2.7102,2.4959,2.5302,4.1787,2.2560,3.4647,2.8401,2.3000,1.4311,2.1076,2.9259,3.0367,3.0690,3.8786,2.7265,1.7318,3.7117,2.9479,1.9964,1.6177,1.2888,1.3324,2.8105,2.1200,1.4132,1.0918,2.0160,3.1377,0.7564,2.5039,2.6764,2.1688,1.9839,1.5440,4.4047,3.7639,2.9235,1.3687,2.5451,2.8686,3.6933,3.6775,2.4788,3.4121,2.4621,3.8525,2.6387,4.9002,4.7542,5.4157,5.1262,4.4892,3.5748,4.8470,5.1256,6.9016,5.3138,5.3270,5.1883,5.3410,4.5132,6.9044,7.1923,6.6005,5.8458,4.4248,4.6381,3.9756,4.9144,3.8045,4.3631,4.0816,4.1120,3.3638,5.1456,2.9644,4.2082,4.6361,3.1228,5.1545,4.5694,5.0133,4.3434
71.9176,72.5236,72.3215,74.0353,69.6760,68.0611,67.4794,67.3685,69.3410,69.2274,67.3112,66.9069,60.9350,62.0585,63.5437,63.6189,63.4264,60.1599,60.2502,61.0291,63.2424,63.1264,61.5018,60.0926,60.8671,60.4027,57.3637,55.1095,57.2743,57.5220,57.7064,58.1600,57.1645,57.5042,54.7405,54.6231,56.5358,55.3185,55.4919,54.6657,56.8711,54.9301,57.1009,56.4850,58.1104,59.8394,58.5210,59.2252,58.0510,54.9276,56.0961,58.4446,55.9600,55.9589,56.0114,57.8644,54.8389,53.1455,58.1827,58.4018,60.3701,56.5622,53.1455,54.9164,53.3680,53.6836,51.3925,55.8045,59.1894,57.7967,58.4740,55.6249,56.6158,57.8790,60.8828,61.4665,59.1589,56.1213,52.9043,56.3618,49.2487,48.8471,45.8031,47.8520,43.9464,45.9116,41.6233,48.6860,40.6566,38.9356,41.0194,38.8775,39.1792,38.2076,39.4479,36.6307
65.5465,63.8675,64.5125,61.6110,60.4477,60.3191,58.1851,57.6586,58.3300,59.3028,54.3757,51.9069,48.2468,49.4423,48.5534,45.5846,47.7875,43.7896,46.4097,42.1677,45.2045,41.5111,42.8287,43.2199,43.6248,42.5645,42.0810,38.5229,35.5835,38.8964,35.3579,35.1583,34.0491,32.2773,32.1570,34.3016,33.9412,29.3690,27.8481,27.3615,31.1661,24.0128,27.4148,26.4742,23.5020,24.9389,21.2373,28.9525,24.1139,23.9891,19.5633,21.2353,21.4865,24.3885,22.9721,19.3425,20.6219,15.3512,18.0192,17.9349,22.1665,20.4804,20.6364,19.0137,15.8438,15.3432,16.7621,20.1009,22.4920,20.0066,20.3130,19.2025,20.5409,18.2900,22.4123,26.5638,23.4869,19.6856,14.2369,17.8921,11.8645,17.7913,15.0497,13.8759,12.7408,11.8432,10.1967,16.1430,12.2458,13.8624,14.7398,11.0935,15.3375,15.7700,15.6875,13.3031
58.8708,57.4158,56.6299,53.9759,52.8713,52.2116,50.9752,50.5346,52.8267,54.2581,49.6697,49.2407,45.1969,46.1025,46.4867,44.5104,48.4071,43.5184,46.3975,43.6711,43.6993,41.0062,42.4570,43.4565,45.6234,44.1764,45.3470,41.5995,39.5557,44.8179,38.9658,37.2569,36.3871,34.8584,34.6839,36.8049,35.2512,32.6096,32.2766,32.9826,34.2112,29.2625,33.6149,33.3893,32.4956,31.5380,28.6702,36.0513,33.2093,33.5228,30.4227,33.3352,33.3334,34.3723,33.9299,29.1709,31.4269,27.9416,31.1120,28.9619,32.5725,32.2990,32.1228,30.0330,26.8360,25.2517,27.7752,31.4657,32.9190,28.9772,30.2186,29.4692,28.7360,26.7416,33.5107,35.1143,31.9798,30.0625,25.6477,26.9152,23.2320,26.4776,26.8011,25.6226,23.4184,25.3654,24.4462,28.7089,23.7284,27.4484,28.0243,24.5544,29.0098,28.9244,29.0100,26.9184
35.6057,32.8513,32.9678,30.3995,30.4740,30.7751,29.5627,28.8358,31.2880,32.3574,29.3232,30.1982,25.7488,29.1314,28.7330,28.2904,31.7408,28.2459,30.1641,28.4352,27.6451,24.9247,25.8065,27.5142,27.1193,26.3685,28.8844,25.6727,23.2864,28.8875,24.5766,22.2857,22.5378,19.8130,20.0494,23.6099,22.7435,18.7889,19.2178,21.4150,22.8578,16.8805,21.3766,20.6005,19.0230,18.3008,15.8875,22.3565,20.5349,18.6750,15.2697,17.8931,19.8212,20.3325,18.6172,14.9629,15.6246,12.2734,15.1527,13.5003,16.9383,18.1541,19.2305,18.5398,17.8240,15.2197,17.2940,19.0896,21.9287,18.0704,18.3148,19.2999,19.4209,17.9182,23.4374,23.9359,21.2037,21.4972,16.8306,18.0132,16.6920,19.2009,18.2948,20.3871,19.3963,19.7442,20.0755,22.3046,19.2138,23.3147,24.7770,19.5056,26.3299,25.6817,26.2149,25.1590
75.8020,70.5755,72.2942,69.8179,68.5943,67.7479,66.5798,65.8058,66.8292,67.0588,65.3531,67.8321,58.5291,59.6235,58.4800,58.4208,58.2383,56.0136,56.6892,54.5569,54.0738,51.9273,53.2881,55.1047,54.0142,53.0266,54.0244,51.3087,51.8877,55.9763,49.1904,49.4595,50.4041,47.5396,47.2284,48.2197,46.5911,42.9985,42.0041,43.0156,43.0755,38.0158,42.7356,40.3610,41.5785,40.9781,39.6619,43.1643,42.8840,40.7842,37.6301,39.3916,36.7715,39.4208,38.8851,35.6296,34.7587,35.3006,34.4953,32.4748,35.4608,33.9192,37.4337,36.3350,35.7154,32.3612,33.6794,37.3807,38.9933,34.2959,33.0290,35.7762,36.9672,33.7514,38.9702,40.3760,35.4419,35.9916,31.4426,31.8103,29.9386,29.6654,28.9709,30.4416,27.0053,25.8894,26.9162,27.6434,25.7784,27.3715,32.7064,27.9256,31.7653,30.5490,30.7706,29.5683
24.4402,23.2609,25.2443,24.6971,24.9429,27.1308,25.1099,26.0349,25.4134,27.4912,25.4003,24.1887,23.5973,25.5601,27.4104,24.5325,29.5209,25.4351,28.6576,26.8629,26.0576,25.5198,28.3820,28.6337,30.1189,30.4410,30.3797,26.8901,24.8725,28.1164,25.5596,23.7148,22.8749,20.1340,21.6359,20.7744,19.7390,17.6153,16.1129,18.0307,19.0007,16.7819,18.2980,18.5610,17.0574,18.2068,16.2056,20.4759,17.9228,18.9865,18.2984,18.3476,20.5278,23.1637,21.4470,19.7743,19.8111,17.3179,20.5312,18.0539,21.0221,20.4728,21.7909,19.5723,19.0267,18.1708,18.2728,20.2597,20.6572,18.7720,17.1647,17.6002,20.2553,17.7546,18.1367,20.4644,17.3606,15.2192,9.7109,10.9400,10.7917,13.2066,11.2839,10.2333,8.4779,8.8220,7.3232,11.1068,10.1872,13.7199,12.9213,11.1522,16.1253,18.9328,18.3727,16.8666
10.3061,8.5402,8.8055,7.8570,7.5173,8.2486,7.6776,7.7983,10.3877,12.3730,9.6594,11.7130,7.5443,11.1121,10.4394,10.8424,13.7453,11.2734,12.7456,11.4442,10.4671,9.1164,10.4569,12.5185,13.0518,12.7052,14.7416,11.8248,11.0224,16.0775,13.4623,11.3604,11.8025,10.0567,10.8345,13.7834,12.7423,10.1970,10.5623,13.6000,14.4062,9.4165,13.2234,13.3152,12.7155,11.4220,10.0410,15.8823,14.6648,13.5642,11.0049,12.9713,14.3772,14.8010,13.9923,10.1942,12.4368,10.9054,12.8448,9.3436,13.6213,14.5777,16.0218,15.4574,13.9300,11.5120,14.1731,15.4332,18.5150,14.0902,14.7322,15.4702,14.7169,14.0146,18.7129,18.1364,16.8391,16.9134,12.8508,13.4590,12.4411,14.7079,13.4399,14.3940,14.0252,14.5323,14.1294,15.9845,12.7224,15.7836,17.3194,12.8711,17.8222,17.1724,17.3320,16.8179
13.8365,13.0237,14.0760,13.0316,11.7398,12.8076,12.1087,12.3955,14.4979,15.9457,13.2576,14.6245,9.4779,14.0720,14.0941,15.5464,18.5835,15.5140,18.3703,16.9496,17.2554,15.4205,17.0290,18.8280,18.4283,19.3925,19.9815,17.7029,16.2295,21.0591,19.3163,18.7616,18.5426,16.6334,15.3621,18.3600,18.4012,15.3851,17.8963,20.0066,21.3000,16.2331,20.1929,19.9765,19.2850,18.6471,18.3299,23.4142,22.2270,21.1642,18.2925,20.7266,20.5109,22.0827,21.5078,19.2020,20.3938,18.0957,19.7009,18.2955,22.6593,22.5359,24.1839,24.4601,23.3038,20.7541,22.2137,23.7772,26.9081,23.0784,23.4706,23.5729,24.4392,23.6725,27.1882,27.9111,26.1294,25.2194,21.3514,21.5769,19.4832,21.5701,20.6879,22.2503,21.1194,21.4429,19.0502,23.3276,17.9590,20.8875,23.1174,19.6703,23.4875,21.9828,23.0566,21.8399
7.0606,6.1515,7.8507,6.9054,5.8148,6.6609,6.3994,6.2018,8.1487,9.7505,7.1515,8.1324,4.0126,8.3607,7.0256,8.4201,11.1385,8.0882,10.5670,9.4645,9.9882,8.2113,9.7465,11.9623,11.9826,12.6935,12.8447,10.2857,9.8792,13.3667,12.8331,12.4089,11.8949,9.6101,9.5734,11.3703,11.1750,8.8477,9.9448,11.1832,13.5346,8.7881,12.3449,12.5842,12.1312,11.0476,12.1484,16.2054,16.0517,14.7556,11.4439,13.9234,14.1047,16.5833,16.1862,14.2492,16.3162,14.3521,16.4089,14.4124,18.9622,18.4076,19.9721,20.5544,18.5950,17.5510,18.8262,19.5755,23.0386,19.6668,20.2959,20.0144,21.3907,20.2229,23.4473,24.5245,23.6561,22.3116,18.0385,17.7127,15.7396,17.2942,14.9004,15.8702,15.5435,15.1969,12.1790,17.5471,12.8777,15.6054,16.1173,14.9373,18.1447,16.7563,18.2463,16.7991
3.8103,4.0696,4.1498,3.9606,3.1959,3.4330,3.2272,3.4570,4.6256,4.6383,3.5313,4.0130,1.9488,3.2738,3.2802,3.5164,5.2463,3.4274,4.3625,3.7201,4.0409,3.3958,4.2086,5.0479,5.4692,5.3826,6.2451,5.3955,4.7964,6.5294,6.5609,6.0326,5.4206,5.6449,4.6626,5.5057,5.6627,4.3600,4.3632,4.6710,5.5204,3.8033,5.2669,5.6417,5.0403,4.6189,5.0177,7.5982,6.8456,5.9484,5.1545,6.3108,5.1391,6.3101,6.5620,5.2969,6.3093,4.8455,6.0393,4.8489,7.5397,6.6128,7.2344,7.6741,6.7450,6.0364,7.0241,8.6292,10.2653,8.6190,8.7280,9.0106,10.1380,9.9303,11.4533,12.4668,12.0249,11.3409,9.1043,9.4196,8.3034,9.3125,8.6606,8.7406,8.0677,8.2492,6.9906,9.3052,6.7708,7.8996,8.2815,7.0831,8.7717,7.4475,8.1296,7.0866
1.0005,1.1386,1.9167,1.6800,0.9865,1.0140,1.0166,0.9683,2.3139,2.3814,1.1990,1.1444,0.0000,1.4741,1.4399,1.1797,2.3277,1.3129,2.6250,1.9677,2.4597,1.6870,2.4711,3.2284,2.8083,2.6931,3.0399,2.5905,2.0889,3.2184,3.4050,3.6343,3.4921,2.8572,1.8703,2.3354,2.4754,1.7315,1.6611,1.5643,2.7807,1.3082,2.1416,2.5956,2.0463,2.7263,2.1675,4.1679,3.2870,3.1762,2.0957,4.0561,3.1351,3.8125,4.2845,4.0507,4.1650,2.6585,4.5586,3.7742,5.8455,5.7177,5.6720,5.8951,5.3953,5.3904,5.6641,7.3197,8.1758,7.1699,7.0518,7.3123,7.8143,8.4790,9.7826,11.1351,9.6998,9.2839,6.9739,7.9001,6.3922,7.2656,6.8249,7.4188,6.4214,6.2378,5.2084,7.7112,4.4317,4.9175,5.2068,4.3596,5.5000,4.7223,4.9603,4.3097
1.3314,1.1039,1.6524,1.4621,1.0778,1.4394,1.1482,1.1315,1.7500,2.0817,1.2256,1.3085,0.4974,1.3413,1.7106,1.4608,2.5497,1.4433,2.3599,1.7192,2.0060,1.4708,2.0306,2.2744,2.1855,2.0716,2.1861,1.7346,0.9836,1.9610,1.7839,1.7314,1.6244,0.8570,0.5172,0.8830,0.9209,0.1012,0.7169,0.6842,1.2414,0.2711,1.1672,1.1891,1.1752,1.7238,1.2385,2.6375,1.6180,1.6546,1.0188,1.6077,1.3894,1.6077,1.6563,1.1259,1.1304,0.4705,1.2136,1.0757,2.2651,2.2104,2.2428,2.1166,1.8991,1.5684,1.7941,2.4140,2.9398,2.3435,2.4070,2.6481,2.9231,2.8563,3.5661,4.0293,3.6271,2.7455,1.4880,2.0546,1.1027,1.4755,1.2644,1.4072,0.9087,0.9823,0.5030,1.6262,0.2708,0.4314,0.7432,0.1544,0.8704,0.5733,0.3817,0.0000
0.1643,0.4084,0.8766,1.7904,0.6724,1.1981,0.9825,0.8258,1.8961,2.2368,1.4926,1.6785,2.3831,3.3216,3.8330,4.2177,5.3719,4.5579,4.9471,4.9849,5.8836,5.0003,5.9193,6.3367,6.9749,6.5576,6.5891,6.0100,5.4737,6.3999,7.6107,7.2356,6.9722,6.1994,5.9544,6.2373,6.0463,5.2549,6.2707,5.2515,6.1272,5.1579,5.0958,5.6966,5.0791,4.0678,4.9088,5.8384,4.6742,4.9854,5.3978,5.2503,4.5826,5.2792,4.7273,5.6128,5.9305,5.8005,7.1550,6.4557,8.5950,7.9832,7.9201,7.7549,8.5589,8.5705,8.9696,9.7904,11.3633,10.8030,10.4383,10.1016,11.6232,11.0507,10.3222,11.4639,10.7566,9.9885,9.1001,8.9996,7.8058,8.3693,6.2429,7.2827,6.7623,6.3430,4.8833,7.0839,5.1598,5.1655,5.5419,4.2363,5.3582,4.6470,5.3144,4.5841
1.1438,1.7730,1.5705,1.7609,1.0824,1.3879,1.8208,1.5473,3.1427,3.3368,2.6586,3.4967,2.7655,3.7700,3.7811,4.0914,4.7869,3.8397,4.2904,4.0463,4.7761,4.7031,4.7270,5.0919,5.6401,5.5336,5.5364,5.5986,4.9148,5.6193,6.5620,5.9094,5.2833,5.3812,5.6140,5.9549,5.8068,5.4918,5.9525,6.1037,6.6217,5.8095,5.9868,6.0853,5.6256,5.4489,5.8723,7.4942,6.8369,6.4897,6.3453,7.3412,5.9585,7.2039,7.6411,7.9255,8.5316,7.9795,9.5608,9.2782,11.1222,10.7198,10.1036,10.7163,10.9101,10.5929,10.4854,11.9420,13.5626,12.7009,12.2461,12.4118,13.4481,13.2660,13.7802,14.0812,14.0177,14.0428,12.3688,12.2961,11.3457,11.0809,9.7264,10.9479,9.9529,9.6794,8.0076,10.1043,7.9565,7.7110,7.9898,7.7162,8.4474,8.1409,8.5368,8.1740
6.6818,6.9218,7.3182,6.5361,5.8876,6.1746,5.9618,5.3939,6.8538,6.0993,5.4999,5.1467,4.4707,5.3702,5.1967,5.3991,6.1237,5.1480,6.0028,5.1534,5.7108,4.5568,5.5912,5.6713,6.0940,6.0419,6.4078,6.0221,5.5951,6.2901,6.5462,6.1870,5.8581,5.6275,4.6124,5.1598,4.8719,5.0083,4.8770,4.2742,5.3285,4.5861,5.4937,5.2762,4.7170,5.4873,5.1880,6.4923,5.9623,5.6514,4.5003,6.0788,4.8386,5.5193,5.5155,4.9110,4.6943,3.2673,4.7683,4.7381,5.7419,5.3539,5.0986,5.3561,5.2256,5.2963,5.7047,6.7822,7.2178,6.6656,6.5589,6.8319,7.5551,7.0743,7.8967,8.8146,8.2217,7.7064,6.4234,6.9554,5.9030,6.5701,6.0131,6.2729,5.6859,5.5964,4.9089,6.9093,5.1483,5.7061,5.8813,5.2789,6.3286,5.3497,6.0876,5.0011
16.8158,17.0054,17.5314,17.1690,16.2036,16.1595,16.2217,15.5650,16.8406,17.0056,16.2800,15.9052,14.7404,15.5298,15.1359,14.7553,15.3028,14.1286,15.0202,14.5887,15.5834,15.4088,14.8602,15.7821,16.0294,15.3817,15.2523,14.2520,14.3417,14.4772,14.5548,14.8348,14.7827,14.4989,13.4861,13.7688,14.4194,14.1308,14.2756,13.8790,15.4900,13.8144,15.1786,15.8272,15.4597,16.2988,15.8374,17.0529,16.4555,16.1740,14.9980,16.8174,15.4781,15.8897,15.6566,16.0433,15.2942,14.4204,15.5817,15.2966,15.9597,15.4183,14.1860,14.6333,14.1276,14.4682,13.8669,15.4007,16.7880,15.3448,15.8996,14.9025,14.9635,14.7367,15.8193,17.1978,16.4733,15.0217,14.6244,14.8590,13.2278,13.7180,12.1515,13.1977,13.1051,13.2553,12.3344,15.2929,12.5252,12.8974,12.9661,12.3066,12.6538,11.6146,12.3120,10.7908
10.0159,10.7997,10.4980,11.5191,9.9914,10.8844,10.0847,10.1935,11.6516,10.6785,9.4608,8.6663,9.4791,9.0877,9.5038,8.5964,10.2346,9.1053,9.8410,9.3002,10.5530,9.6477,10.3959,11.8751,11.9081,12.6536,11.7372,11.8973,11.4077,11.7865,13.1723,12.4810,11.8682,11.8002,10.7312,11.2727,11.7245,11.3363,12.3393,12.5085,12.7678,13.1168,14.7752,16.0246,14.7947,14.8262,15.8893,16.3810,16.8584,16.3791,15.9227,16.0986,16.2021,15.9263,14.3416,13.6783,14.0513,12.6473,14.2444,13.1375,14.4440,14.1142,12.3558,13.7513,11.9123,13.1178,12.2817,13.2918,15.1103,14.3401,14.6259,14.5877,13.6794,14.6850,16.3951,16.7183,16.1818,15.8103,14.8750,16.4453,15.5253,16.1562,15.4191,15.5527,16.3773,17.1766,16.0993,18.3802,16.1458,17.0562,17.2029,15.9559,17.8507,16.3454,18.7548,16.4105
2.6815,2.4631,2.8600,3.1406,2.4036,2.2556,2.2979,2.1155,2.8758,2.8367,2.0766,2.4550,1.4948,2.5555,2.9647,2.9543,4.1489,3.2096,3.4502,3.5504,3.8626,3.2021,3.0940,3.7358,3.3415,3.2688,3.0755,3.0433,2.3858,3.2683,3.3211,3.3379,3.3579,3.1030,2.6657,3.5733,3.5347,2.5957,3.3795,3.5558,3.8771,3.2745,4.3320,5.1335,5.1328,5.3001,5.0387,6.9526,6.4342,5.9773,5.3758,6.5477,6.0588,5.8769,6.1913,5.8152,5.6084,5.1721,6.1122,5.3942,6.0772,6.3480,6.1675,6.6354,5.4137,5.9366,5.4825,6.7978,8.0216,6.7840,7.0698,6.2902,7.3932,7.2551,8.3899,9.1766,7.9742,8.0573,6.9397,6.5536,5.8286,6.1467,5.8538,6.0767,6.4356,6.8269,6.4280,7.8829,6.3442,7.4227,7.8614,7.4656,8.6852,8.4484,9.1351,8.7945
2.1393,1.9326,2.2522,1.7605,1.2908,1.5106,1.0838,0.9179,1.5939,1.7021,0.9289,0.7054,0.0000,0.6847,0.8557,1.0659,1.9062,0.9932,1.5490,1.1716,1.3897,0.5177,1.4364,2.2054,1.9453,2.0063,1.8554,1.2883,0.6309,2.1823,1.8330,1.9076,1.6805,1.3929,0.9465,2.0382,1.9423,1.1076,1.7466,1.9755,2.8131,1.6895,3.1090,3.3517,3.1753,3.2097,3.1890,4.8904,4.3937,3.6241,2.7368,3.8551,3.3494,3.6138,3.7798,3.3508,2.9347,1.7510,2.2551,1.8099,3.5091,3.0668,3.1425,3.6672,2.6612,2.9849,2.8936,3.5061,4.6279,3.5286,3.5221,3.1558,3.9181,3.5111,4.1696,4.9660,4.8587,4.2258,3.4084,4.0126,3.2689,4.4242,4.1629,4.8595,5.1410,4.8312,4.3114,5.7618,4.5817,5.4061,5.7835,4.8687,5.6883,5.2352,6.5717,5.4149
0.7971,0.6736,0.9823,0.7497,0.4492,0.6676,0.4663,0.4357,0.7297,0.9648,0.4627,0.5479,0.0000,0.3931,0.4502,0.7157,1.2671,0.5484,1.0411,0.7868,1.0113,0.6408,0.9630,1.3246,1.3263,1.3869,1.3412,0.8022,0.6502,1.4615,1.3209,0.9402,0.7927,0.6203,0.4750,1.0317,0.8298,0.2427,0.5217,0.9043,1.3471,0.4647,1.2139,1.2020,1.0499,0.8914,1.0474,2.1311,2.0310,1.8082,1.1637,1.6435,1.6362,1.9367,1.7665,1.1540,1.5105,0.9697,1.4519,0.9352,1.8432,1.5267,2.0055,2.0681,1.6146,1.4485,1.5909,1.9123,2.6096,1.7988,1.9088,1.5421,1.7698,1.7031,2.2981,2.5907,2.2737,2.0444,1.3636,1.3697,1.1497,1.4973,1.1823,1.3869,1.4922,1.6971,1.2703,2.4135,1.3384,1.9443,2.2655,1.9189,2.5510,2.3323,2.9536,2.4989
0.3854,0.3785,0.4758,0.4443,0.3530,0.4142,0.3735,0.3951,0.5226,0.5802,0.3618,0.3768,0.1688,0.3738,0.3877,0.3765,0.5972,0.3428,0.4903,0.4106,0.4559,0.3418,0.4984,0.6577,0.6480,0.6164,0.6259,0.4981,0.4001,0.6596,0.6289,0.6457,0.5268,0.5381,0.4588,0.6037,0.5381,0.3279,0.4360,0.4307,0.5120,0.2670,0.4689,0.5049,0.4470,0.4294,0.3861,0.7684,0.6055,0.6160,0.3721,0.5282,0.4505,0.5912,0.6163,0.4180,0.5202,0.3211,0.4693,0.3717,0.7313,0.6217,0.6349,0.6810,0.4663,0.4776,0.4852,0.6541,0.8064,0.5809,0.5922,0.5906,0.6604,0.6122,0.8491,1.0114,0.9157,0.7514,0.5472,0.6110,0.4203,0.6113,0.5733,0.6115,0.5071,0.5124,0.3740,0.6741,0.3232,0.4760,0.5235,0.4056,0.5855,0.5597,0.6944,0.5328
0.4899,0.4693,0.5189,0.5979,0.4894,0.5051,0.4805,0.4632,0.4955,0.4938,0.4420,0.4612,0.4859,0.5265,0.4869,0.5238,0.5513,0.4647,0.5148,0.4864,0.5666,0.5268,0.6556,0.7687,0.7169,0.7095,0.7717,0.7059,0.7354,0.8154,0.9100,0.8867,0.9025,0.8533,0.8138,0.8642,0.7561,0.7323,0.7076,0.6277,0.7484,0.6283,0.6434,0.6424,0.6396,0.5664,0.6365,0.7566,0.7266,0.6835,0.6675,0.7100,0.6210,0.8014,0.7626,0.7403,0.7675,0.6689,0.7851,0.7273,0.7861,0.7004,0.5838,0.7375,0.6313,0.7608,0.7106,0.7652,0.9767,0.8923,0.8507,0.7771,0.8518,0.9465,1.0077,1.1377,1.0386,1.1122,1.0120,1.1427,1.0220,1.1231,0.9789,1.0498,1.0593,1.0223,1.0138,1.1299,0.9477,1.0584,1.0585,0.8885,1.0403,0.9866,1.0854,0.9673
0.6917,0.6646,0.7158,0.8599,0.6963,0.6771,0.5388,0.5818,0.6488,0.6532,0.5169,0.6745,0.5053,0.5884,0.7796,0.6308,0.8047,0.5928,0.7388,0.6708,0.7352,0.7225,0.7177,0.7389,0.6085,0.7339,0.8605,0.8500,0.7824,0.9356,0.9452,1.0073,0.9515,0.9001,0.6926,0.7396,0.7909,0.6956,0.7616,0.7129,0.8212,0.7093,0.7233,0.7662,0.8518,0.8530,0.8400,0.8300,0.7889,0.7232,0.9196,0.9386,0.8802,0.8715,0.9773,1.0992,0.9298,0.9090,0.9738,1.0735,1.1393,1.1252,1.0119,1.0258,1.0712,1.0380,1.0445,1.1526,1.4147,1.3036,1.0849,1.2887,1.3420,1.5002,1.5010,1.6336,1.4097,1.5199,1.2281,1.4180,1.2346,1.2253,1.2072,1.3350,1.2238,1.1463,1.0283,1.3014,0.9847,0.9656,1.1682,0.8631,1.1001,0.9382,0.9564,0.8581
30.3256,30.7497,30.5118,32.4493,29.5137,29.7777,29.7303,30.1922,30.5130,31.3066,30.1595,30.2624,29.2875,29.1552,28.0779,28.7206,29.1708,27.6574,27.7204,27.8964,29.3275,29.4335,28.8182,30.8730,30.0606,31.8709,28.9584,29.3717,30.5836,30.6808,33.7828,33.2991,33.0250,32.5390,30.0311,31.6913,31.5780,31.1577,32.4103,31.1375,32.9207,31.0944,31.9467,31.3618,31.1694,31.3975,32.7703,31.9942,32.8532,31.5405,32.6946,31.5550,30.8293,31.7436,30.1669,31.2997,29.7653,30.6063,32.1343,32.2075,32.4605,29.9219,25.6080,27.7274,26.9111,28.9630,26.1858,27.9899,30.7982,29.7390,29.5416,28.2453,28.3517,28.9950,31.2362,31.4146,30.2037,30.4724,30.5158,31.6646,28.4018,28.2190,27.0266,28.7891,27.9386,28.4929,27.5831,31.8180,27.9077,26.1779,27.0085,25.1809,26.5725,23.8875,26.2802,24.8076
16.8805,18.3839,18.0765,20.7277,18.7181,18.7263,17.4769,17.9916,18.6479,18.2425,16.7512,16.7756,16.0137,18.2181,19.6614,18.5078,22.0053,19.2036,20.8840,20.0264,22.9429,22.1358,23.2291,25.2318,25.1769,26.6164,25.6721,25.5376,24.7878,26.1956,27.7821,26.9752,26.5422,25.2585,24.6525,25.1775,24.8975,22.3761,23.6405,21.6152,22.0773,20.7792,22.2002,23.0123,22.1017,21.8779,22.0586,24.7709,23.4511,23.2346,24.1117,23.5733,23.6781,23.9223,23.5081,21.2578,21.5119,20.1275,23.1446,22.4551,23.1976,21.6216,18.9591,20.7114,19.9410,20.1277,19.9319,21.4879,26.0187,25.6532,25.3341,25.2457,26.1935,30.1425,29.3050,31.2708,31.0938,28.7410,26.8705,29.0855,24.0564,25.7599,23.4791,24.5633,21.7406,21.7970,19.2923,22.7652,19.0265,19.2702,20.3651,16.7775,21.1157,19.6812,21.1343,18.8421
59.4283,57.6395,57.9487,55.9057,54.4263,53.3840,51.9747,51.1669,50.7953,51.3003,48.8857,47.7814,44.9309,45.4468,43.4745,43.6699,43.7011,41.8061,43.8433,41.7399,44.7677,41.7875,42.5367,43.5914,43.6330,42.9813,42.7996,40.6992,39.0275,41.6126,40.8272,39.6271,38.7898,36.8268,36.1457,37.9967,38.3943,34.4404,33.5682,33.9236,35.9142,30.1221,33.6944,32.6939,32.8353,31.0474,31.1024,35.1700,32.6649,32.9927,29.7279,30.7337,30.3956,33.5511,30.8610,29.1059,31.0927,26.9368,28.4295,28.4322,30.1110,29.6385,28.1187,28.0644,26.0428,25.8468,27.9689,29.4203,32.7681,31.1135,32.0721,30.1715,31.8747,30.5438,33.3833,35.2862,34.3750,32.2965,28.5485,28.5376,24.5627,26.7170,23.4302,23.8056,21.9745,21.5382,20.3641,25.9054,21.8784,22.6725,23.7944,21.0280,27.2119,26.9342,26.8275,24.8131
65.2943,65.0862,65.3953,62.0144,61.1851,60.1812,58.5070,58.3857,59.2909,58.9874,55.7955,55.4966,52.0222,50.6465,52.2737,48.2734,50.6406,46.6820,48.6850,46.1949,49.0709,47.3593,49.0489,48.8562,50.0569,49.4743,49.7096,47.7894,45.7589,50.9228,47.3432,46.7765,46.0692,45.7524,42.2967,44.3879,45.6706,41.4819,40.3225,41.2689,44.2019,36.9460,42.2629,39.5461,38.8120,38.5623,36.1773,41.3115,37.3652,36.2928,34.9388,36.6796,34.8087,37.0851,34.5235,34.0412,34.5262,29.1666,29.3452,29.0844,31.2728,29.9334,26.2879,27.8457,24.5211,24.8475,26.8224,30.0954,33.2069,30.3813,30.9932,32.4464,31.5015,31.9889,34.4306,36.5038,35.1486,34.3074,28.6349,33.3009,27.3974,31.1431,30.8265,30.5054,28.9310,29.1802,28.3009,32.4750,28.7812,28.5547,31.0970,25.8514,31.4410,28.4527,29.2210,26.9671
9.5404,8.3770,8.7866,8.1495,7.2295,8.2138,7.9876,7.9706,10.3416,12.0287,8.3102,9.1817,5.3885,8.9440,7.9830,8.4835,11.7174,9.4876,11.3483,9.8979,9.8668,7.2668,9.0832,10.7465,11.7971,12.1119,13.3487,10.8551,11.0731,15.4935,12.7789,11.3529,12.0465,10.1374,10.8635,13.7850,12.5182,9.6923,9.9971,12.0008,13.6997,8.4394,12.1042,11.8288,11.2198,10.3534,9.4515,14.5986,13.0857,10.8700,8.7762,11.6652,13.5900,13.3080,12.8033,8.6993,10.4588,8.7184,11.8110,9.3719,13.4036,14.4488,16.2354,15.8618,13.9252,12.8743,15.4061,17.2655,20.7696,17.3573,17.7250,17.9655,18.4400,17.7192,22.3181,22.7727,19.7653,21.4612,16.6042,17.2888,16.3897,18.6409,17.1229,18.5273,18.5641,19.3253,17.0795,20.0312,16.8327,19.2753,20.0489,16.4363,21.5613,20.2015,21.5734,21.4474
5.2608,3.9463,4.9888,3.5172,2.6425,3.8566,3.3800,4.0335,6.3531,8.1331,5.1965,6.6796,1.8730,6.2217,6.0223,7.3418,10.4480,7.5039,9.5352,8.1427,8.0333,5.7479,7.5966,10.3710,10.2366,10.1109,11.4879,8.4888,6.6643,12.5067,10.3961,8.6515,9.2359,6.8688,6.2332,10.0174,9.1164,6.6153,8.1547,11.2971,12.6556,6.7234,10.9054,11.0199,10.6049,9.4569,8.4456,14.4362,13.3345,11.6886,8.1102,11.0363,11.6986,13.1855,11.8511,8.3825,10.1290,7.6193,9.8696,7.5930,12.3867,12.3835,13.9968,14.3788,12.5242,10.6534,11.9057,14.0514,17.4718,13.0175,14.0265,14.0191,13.5498,12.1981,17.0783,17.2249,15.8766,15.2191,11.9198,12.3594,10.4390,12.6443,12.0382,13.5347,13.1055,13.1670,11.6959,16.1243,10.8314,14.7320,16.1058,11.9841,16.9069,15.3066,16.7982,15.6706
6.5518,5.6835,7.3707,5.8277,4.6822,5.8670,5.1438,5.0190,7.6650,8.4761,5.6753,6.4013,1.7584,6.0907,5.7327,6.8199,8.9857,6.0209,8.2674,7.1492,7.6267,5.0228,6.7668,8.9793,8.0895,8.6828,8.9404,5.2498,3.9772,9.0101,7.4893,7.2852,7.0963,5.1184,4.2344,7.6296,7.1255,4.3376,4.9593,6.9962,9.2657,3.8889,8.6406,8.5664,7.2255,6.4590,7.2848,12.0396,11.6749,10.0184,6.7321,8.8549,9.1209,10.7897,10.7571,8.0726,9.1319,5.8096,7.6483,5.6769,11.2490,10.7479,11.6095,12.0834,10.3270,8.2660,9.4113,11.9435,15.3998,10.6469,10.6084,9.7596,11.2048,10.1199,13.9337,15.8643,13.1804,12.9541,8.7601,9.5029,7.7646,10.3841,8.7196,10.9974,11.3026,10.9588,8.3278,13.8181,8.4415,11.9299,13.6686,10.7971,14.7710,12.5932,15.5969,14.0792
0.0000,0.0000,0.6857,0.3355,0.0000,0.0000,0.0000,0.0000,0.9638,1.7777,0.0000,0.0000,0.0000,0.0279,0.0000,0.4793,2.2769,0.0000,1.5315,0.4012,1.4615,0.0000,0.8356,2.1372,3.2768,2.9486,3.1301,0.3531,0.2437,2.6818,2.3925,2.3228,1.5148,0.4906,0.4795,2.4740,1.5020,0.0000,0.0000,0.0602,2.3266,0.0000,1.0027,1.8107,0.8551,0.0000,0.4338,4.1513,3.6209,2.3238,0.3587,2.6615,2.0794,3.6757,2.8335,1.4017,1.9690,0.2345,1.7885,0.7623,4.4349,3.1888,3.9189,4.8327,2.8556,2.3893,3.3733,5.2438,7.1946,4.6527,4.8366,3.2020,4.9388,4.5066,7.0791,8.9397,7.5544,6.5372,4.3432,4.4643,2.3022,3.9394,2.2539,2.6850,2.2867,2.8138,0.9298,5.0135,0.4313,2.4437,3.6671,2.0403,5.3159,3.9956,5.7887,4.4400
8.7907,9.1544,9.1750,11.1903,9.7863,10.1286,10.0049,10.6519,11.1650,11.8341,11.3299,11.9077,11.4726,12.3675,11.5892,12.4765,13.0448,12.6376,13.3006,13.8169,14.0655,14.8489,14.9553,16.1326,15.2751,16.6314,14.6005,15.8268,16.5774,16.4555,17.8335,16.3657,16.8511,15.8939,13.8974,15.8457,15.8835,16.5796,16.6356,16.6661,17.4024,16.4398,17.0590,16.4649,17.2317,16.3923,17.7258,16.3914,17.6431,17.2092,18.4199,16.9374,17.0464,17.6220,16.5896,17.5071,16.6214,17.1385,19.2332,18.6562,18.5613,18.4031,15.6600,17.6883,17.6255,18.1799,16.7570,17.5101,19.4647,18.7648,17.7283,18.0482,17.0434,18.0929,19.2742,17.7436,17.7698,17.9801,19.0898,19.0480,17.5608,16.3085,15.8809,17.5792,16.5156,16.8943,15.9176,18.5417,16.5326,13.7724,15.9926,13.7148,15.7207,14.6242,15.6612,14.9415
9.8060,10.3425,9.9245,10.9934,10.1456,10.4421,10.6141,9.8372,10.5653,11.0856,10.0675,10.1611,10.7171,11.0475,9.8029,9.8105,9.8806,9.9080,10.8841,9.9967,11.0521,10.3748,10.6652,12.0006,11.5278,11.8837,11.7199,11.6828,11.5342,11.3823,12.9318,12.1930,12.2064,11.8068,10.9548,11.5164,12.2777,10.8151,11.6758,11.5085,11.9410,10.4200,11.4207,11.4196,10.6475,9.8522,11.9418,12.1411,11.7008,11.4799,10.9531,10.4174,10.6031,11.4546,9.9602,9.5086,10.5508,8.8868,10.4528,10.0212,10.7431,10.6089,9.7285,11.0016,10.3495,11.5577,11.0672,11.9833,13.7358,13.7697,12.9484,13.4718,13.3101,14.1622,14.2094,13.9830,14.9779,15.0140,14.1562,14.4040,13.4931,13.9307,12.1257,13.6695,13.0231,12.6876,11.8056,13.4930,12.9536,11.8690,12.5876,11.4279,13.2518,12.0397,13.1146,11.7863
2.3173,2.5811,2.7553,2.8043,2.2488,2.3025,2.4888,2.2263,2.9691,2.9490,2.1006,2.7877,1.6183,2.3762,2.3486,2.3208,2.6411,2.2457,2.5909,2.4908,2.9606,2.6106,2.9535,3.5675,3.6594,3.7505,3.6900,3.4497,3.3653,3.7868,3.8333,4.3383,4.0205,4.1680,3.6476,4.3519,4.4311,4.1824,3.7840,4.1736,4.9466,3.7684,4.6530,5.0204,4.7968,4.6092,4.7297,5.6819,5.3871,4.9724,4.8153,5.9794,5.1630,5.5233,5.6196,5.6534,5.8305,5.8952,6.6192,6.2260,7.2071,7.2067,7.2197,7.3966,6.9304,6.9123,7.3537,8.1540,9.2345,8.3533,8.1767,8.1854,8.6306,8.8131,9.2493,9.8657,9.1413,9.2830,7.8332,7.9293,7.1686,6.9685,6.9849,7.3380,6.9355,6.7933,5.9720,7.3690,5.6498,6.1876,6.7611,5.9223,6.9369,6.4477,6.6849,6.3563
0.8517,0.8536,1.3159,1.1774,0.5833,0.9222,0.8384,0.8990,1.4272,1.7871,1.0507,1.0236,0.4567,1.5117,1.3523,1.4830,2.2504,1.5462,2.1084,1.6281,2.0239,1.4926,1.9830,2.3519,2.5128,2.3963,2.5601,2.1742,1.8010,2.4347,2.5799,2.8610,2.8170,2.1481,1.8208,2.1502,2.3460,1.7537,2.0123,2.3471,3.1074,2.0201,2.8338,3.0074,2.6694,2.6835,2.6507,3.9244,3.4340,3.1408,2.8566,3.6551,3.3191,3.6589,3.5988,3.2669,3.2646,2.7435,3.3388,2.9805,4.3182,4.1723,4.3141,4.7221,4.1635,3.9379,4.0697,4.5190,5.5137,4.6750,4.8190,4.7254,5.1478,4.9081,5.8429,6.3054,5.8851,5.5081,4.2044,4.6609,3.9866,4.2619,3.9099,4.3862,4.0988,4.0804,3.2697,4.7455,3.0471,3.3883,3.8453,3.1728,3.9230,3.3866,3.5601,3.1109
1.1326,0.9924,1.1445,1.0349,0.8857,1.0528,0.9250,0.9881,1.4578,1.6353,1.1525,1.4113,0.7852,1.3785,1.2608,1.5472,1.9649,1.4045,1.7450,1.6339,1.5966,1.2389,1.5399,1.7353,1.7189,1.7407,1.8013,1.2999,1.0148,1.6642,1.4062,1.3329,1.3109,1.0691,0.9626,1.4044,1.3117,0.9868,1.1403,1.3709,1.6278,0.9066,1.5448,1.5093,1.4082,1.3278,1.2866,2.0320,1.8529,1.7650,1.0997,1.5366,1.4631,1.7670,1.7280,1.2281,1.5704,1.1604,1.5415,1.2967,2.3132,2.2092,2.4068,2.4160,2.1917,2.0375,2.0484,2.5524,2.8023,2.0664,2.0553,2.0390,2.2209,2.0305,2.4774,2.7727,2.3449,2.0808,1.4924,1.5372,1.0546,1.4143,1.1246,1.3071,1.2822,1.2490,0.8823,1.6892,0.9604,1.4029,1.5912,1.2637,1.7949,1.6018,1.8973,1.6232
41.8745,41.4104,42.2933,43.2611,40.3603,40.0277,39.2055,38.5035,39.0028,39.2160,37.9759,37.7246,37.0238,36.8801,36.6027,37.4801,36.9237,35.3493,36.0746,35.4188,37.7768,36.3736,36.3278,36.0255,35.8330,36.1158,33.5112,32.0934,32.9610,34.0049,35.8164,35.3202,35.1502,34.4784,32.4997,33.4749,34.3612,32.9304,33.8223,32.7332,34.0627,32.3497,33.5390,32.7289,32.9051,33.4704,34.4336,34.2831,33.9656,33.3402,33.8600,34.6325,33.1146,33.4655,32.5673,33.9528,33.0951,31.4844,34.3255,33.2911,35.0512,32.8592,30.2409,30.5780,30.9083,31.9312,30.7267,33.2736,35.1720,34.7229,33.8456,31.8305,33.1016,33.5768,34.6941,35.1971,32.7968,32.1578,30.1209,31.6095,27.9427,28.9291,26.8521,28.2195,27.9062,28.3679,27.2013,32.3703,27.9360,26.8517,27.6958,26.9825,28.6244,26.6562,29.0853,26.5464
46.4314,46.4062,46.4986,44.9312,43.5861,43.5952,42.0250,40.3863,42.8682,42.3676,38.6929,37.3101,35.7133,36.4596,36.6299,34.9420,36.1940,33.3177,35.3265,32.6886,35.1916,31.3718,33.8062,34.9221,34.7164,33.9963,34.0773,31.1306,28.5342,31.8697,30.5712,30.2768,28.8572,28.3492,28.1704,30.5395,30.0755,26.5255,25.9647,25.2768,28.9160,23.1871,26.3706,25.7642,23.1720,24.8072,21.2969,27.9224,23.6467,23.0955,19.7997,21.6421,21.9304,24.0883,22.5161,22.4961,23.1183,18.4081,22.0984,22.6234,26.2693,24.4399,22.7803,22.8246,20.4168,20.7819,21.0598,24.0572,26.7414,24.9046,25.2498,22.3134,23.6437,23.8783,24.8912,28.4679,26.7616,23.7779,20.2695,22.9286,18.4935,21.0937,18.9463,20.0958,19.6405,18.8017,16.4432,23.0111,19.5116,20.1759,21.5597,18.6594,22.7975,21.6288,23.5502,21.5821
49.1311,48.1873,47.5547,45.9990,44.6812,44.2228,43.1159,41.8945,43.3232,43.7140,39.7654,39.5788,35.4794,37.5423,37.8534,36.3557,38.6635,34.0975,37.2242,34.8344,36.4204,33.4450,34.7616,36.7244,37.8828,36.0409,36.3910,34.1225,32.1912,36.3942,33.7444,32.4165,32.5876,30.8779,29.7232,33.2422,30.7210,27.8131,27.2799,27.3778,28.3383,23.7482,26.7154,26.4241,25.0230,24.0744,22.0485,28.2654,24.9110,24.7934,21.4461,24.1413,24.4967,25.3104,24.3770,22.5271,22.4248,18.7850,22.1415,22.0184,25.3358,24.1001,23.8614,24.2827,21.0333,20.7145,22.6018,26.8936,28.0595,26.0329,26.1283,25.1549,25.4210,23.7493,28.5349,30.2152,27.3596,26.6477,23.0275,24.4725,20.4228,22.6091,22.3890,22.4338,20.5870,21.2568,19.8547,25.4332,20.3537,22.6522,24.2282,21.4119,26.8844,25.0050,27.5380,25.5503
8.1685,8.0652,8.7222,8.1137,7.6897,7.8844,7.1255,7.6968,10.2440,11.6048,8.8149,9.7713,5.9096,9.9503,9.4544,10.5031,13.2876,10.2303,11.9426,10.6955,11.6003,9.8460,10.8043,13.5388,13.3297,13.6038,14.4726,12.5187,10.5469,15.3177,13.6570,12.1168,12.3363,10.6313,10.1116,13.0984,12.5829,10.4547,11.6755,13.3940,14.9823,10.1112,13.7372,13.9269,11.9031,12.1725,10.5919,16.0189,15.0225,13.0361,10.5591,13.5273,14.3167,15.2898,14.3253,11.7661,12.5154,9.6267,12.6122,11.0022,14.9904,15.5673,15.4694,17.2565,15.5946,13.4485,15.1877,16.8399,19.8821,16.5004,17.0942,16.7631,16.6144,15.8940,19.9153,19.6844,18.9273,18.0399,15.1592,15.8103,13.8942,16.1707,15.1215,17.1947,17.3559,17.2687,15.5139,19.6418,14.8071,18.7521,19.4636,15.7296,21.0703,19.1951,21.8782,20.5439
4.5431,3.5351,4.4691,3.6138,2.7906,3.5946,2.9809,3.1036,5.6551,7.0323,4.4434,5.8145,1.1159,5.0170,4.4331,6.4427,8.9548,5.9511,7.8375,6.6951,6.6084,4.6788,5.9605,8.0487,7.8133,8.5555,9.0310,6.2830,5.1941,9.8062,7.9890,7.0647,6.9129,4.9064,4.4163,7.6189,7.2053,4.7912,5.9719,8.2172,9.8988,4.7629,8.5083,8.4555,7.4958,6.6361,6.2352,11.3535,10.9043,9.1614,6.0218,8.7011,8.9953,10.6384,9.9597,7.0399,8.6946,6.3174,8.5295,6.2148,11.0110,11.2801,12.8628,13.4908,12.3888,10.1620,11.7194,13.4717,16.3010,12.2146,12.7609,12.5067,13.0212,11.8583,15.9250,16.2501,14.9976,14.0547,11.1290,11.0161,9.4634,11.3739,10.2563,11.8314,12.0780,11.9521,10.2691,14.4392,9.8938,12.6177,14.5255,11.2097,15.5601,14.0261,15.7183,14.5515
6.5727,6.0204,7.1456,6.6184,5.4889,6.0097,5.6657,5.0888,6.7894,7.3428,5.5213,5.8127,2.5220,5.6789,5.4015,6.2696,8.3873,5.3790,7.1838,6.5437,6.5629,4.7953,5.6653,7.2121,6.7743,7.2014,7.2536,5.0957,4.6975,7.0035,6.0260,5.8623,5.1934,4.4260,3.7332,5.7399,5.5366,4.0480,4.6735,5.4743,7.2695,3.7841,6.2093,6.3543,5.9956,5.2514,5.1908,8.1246,7.8094,6.6747,4.2484,6.5438,6.2928,7.4592,7.5704,6.2887,6.9752,5.5398,7.1947,5.5299,9.3139,8.7894,9.5927,9.4622,8.5082,7.8773,8.3629,10.1576,12.2384,9.5160,10.1917,9.5816,10.7615,10.5636,12.7659,13.8098,12.3335,11.5683,9.3842,8.8705,7.5056,8.9984,7.3538,8.8204,8.2655,8.5089,6.7946,10.7070,7.0858,8.6069,9.7974,8.4928,11.0189,10.2754,12.0804,10.9735
53.2909,53.7290,54.7251,52.6812,51.2715,51.2916,49.8518,49.0889,50.6160,50.0479,46.5691,45.6221,43.0774,43.5955,44.1738,42.4946,45.1894,41.1336,43.5626,40.0947,42.4793,39.2510,41.4277,42.6831,43.0061,40.1945,39.3133,35.0389,32.7961,36.2445,34.7028,34.1422,32.9915,31.4457,30.0299,31.7452,31.3737,26.6441,27.3809,27.1717,29.6039,24.9168,28.7291,27.9881,25.9329,27.0247,25.4925,32.5502,28.5617,29.1966,25.0451,26.8692,24.9089,28.0630,25.2530,24.7645,25.3970,20.4471,22.6359,22.1537,27.4314,23.5745,23.0136,22.9969,19.5373,20.6669,19.1640,23.9631,25.8515,22.9520,23.0771,21.0208,22.2749,20.4114,22.2087,26.9817,24.2353,20.6642,17.4151,18.5814,13.4964,16.4070,15.1468,14.7995,13.1593,11.8921,10.2417,17.6061,11.9950,12.8282,15.0449,13.1123,16.0414,15.8638,16.4757,14.5401
7.7445,6.1736,6.8773,5.9822,5.1312,5.7731,5.0361,5.6773,7.9170,10.0255,6.4194,5.9159,3.1244,6.6036,6.7892,6.3264,10.6229,7.2565,9.5472,8.1656,7.5939,4.8267,6.7954,8.5987,9.3177,8.4575,9.8715,6.5067,4.8484,9.8416,6.8330,4.3482,3.9811,2.2570,2.9865,6.3487,4.0863,2.5185,2.6611,4.5390,5.7899,1.0218,5.1517,6.2099,4.3092,3.5751,2.7778,9.4868,7.1546,6.0665,2.9860,5.3549,7.4184,7.0191,6.5579,2.6989,3.2621,0.1730,4.0188,1.4203,6.3620,6.4690,7.0344,5.3550,3.2525,1.9025,4.3969,6.3359,8.7631,5.1923,4.2512,4.2182,3.9305,2.5941,8.0032,8.0361,5.1356,5.4740,0.7054,1.6461,0.4369,2.6691,3.0432,2.3374,1.4904,2.6473,0.7692,4.4591,0.3658,3.1209,4.6554,0.5578,5.6547,5.6223,6.0976,5.2647
17.6801,16.3184,17.3775,16.4214,15.7028,16.4018,16.0362,16.4632,19.0271,20.2486,17.3376,18.5908,14.5348,19.2879,18.9701,20.2464,22.4038,19.7275,20.7020,19.6758,20.3736,17.1307,18.7135,21.1383,21.2901,19.3965,20.5094,18.7413,15.7796,20.7477,18.3455,16.8888,16.8225,14.8307,13.5942,18.2099,16.5919,13.4311,15.1370,18.0096,19.1001,13.7109,17.9615,17.8653,15.4067,14.5206,12.9929,18.4450,17.9889,15.7555,12.8523,15.6752,15.4445,16.7164,16.3212,14.4482,13.9972,11.4914,13.3786,13.3546,17.5891,17.2756,18.1152,18.1880,17.3012,14.1126,14.9194,18.1932,21.1210,16.7523,17.5456,15.7775,16.8611,14.6266,19.5281,20.1459,18.8988,18.0349,14.8484,15.7829,13.5701,15.2815,15.1719,16.7018,15.0156,14.6091,12.7637,18.1904,11.2517,14.7292,16.7045,12.6160,17.4871,14.7875,16.7685,15.8014
8.4176,7.6380,9.2447,7.6793,6.9092,8.2928,7.5151,7.3823,10.1837,11.6872,9.6380,10.7262,6.0670,10.8295,10.8002,12.8131,15.4356,11.4454,13.9173,12.8434,12.7248,9.9228,12.3152,13.7533,13.4328,14.3846,13.8283,9.4579,8.6238,12.7660,11.5837,11.4742,10.0934,8.0354,8.4126,11.5682,10.2045,7.6118,9.0015,10.3964,12.1382,7.3777,10.6870,10.9749,8.9769,8.7847,9.0023,13.8511,13.4758,12.4421,8.1125,10.2993,10.8578,13.4452,12.9020,10.6254,12.1866,9.1641,12.5229,11.1412,17.4041,16.0139,19.0954,19.3893,18.3994,16.7123,17.6559,20.0813,22.4726,18.1949,17.2214,16.3817,18.7213,16.0872,18.7818,20.5326,18.1836,16.8666,12.9513,13.0271,11.4250,13.9062,11.8117,13.1438,13.4169,12.5193,9.7113,15.6091,12.0233,14.7071,15.7157,13.9072,17.5690,16.2024,18.3844,16.6233
