41.1295,39.8372,39.8717,38.0443,40.0989,35.4054,34.4453,32.2050,34.9046,35.7996,37.4480,35.3279,37.7781,33.6394,36.2693,37.9441,35.9157,35.0951,35.4093,33.5450,34.5384,33.2479,31.5007,35.8525,31.1557,33.1843,29.3146,26.7335,32.2980,28.5053,24.6977,28.6438,26.5125,28.7880,30.9024,28.4726,28.6559,26.2112,27.0070,24.4915,24.1688,26.4997,31.6784,31.3680,27.1246,27.1558,25.2586,20.2275,20.9117,21.9501,22.4452,22.2555,18.9943,24.2439,24.5048,23.8363,24.9910,20.5328,21.3295,20.5856,23.4087,19.1577,21.4197,19.0612,17.9268,18.2496,13.0888,13.5758,14.5140,16.6040,12.3846,13.0930,20.7476,17.6662,15.2258,17.7218,16.3438,15.8010,19.1935,15.0842,13.8803,15.0541,16.4738,18.2483,20.3775,19.0340,18.1347,17.6470,22.5815,20.1981,16.2341,18.5124,13.8757,17.1966,14.5732,12.4490
6.7270,6.2285,6.5885,6.5023,4.4043,6.1019,4.8472,2.9495,3.7746,5.1013,3.9547,5.7894,6.9902,5.1931,8.7300,7.2592,7.8634,9.5024,8.2007,6.7629,7.6010,8.5424,8.9064,8.4642,9.2341,8.7851,10.3794,8.6866,8.8170,9.7878,9.1485,10.6165,11.0129,11.7926,12.6824,13.2134,9.5388,11.0771,9.5574,9.7964,9.5380,11.0129,13.4999,13.1630,11.7249,12.1731,12.6819,10.7870,9.4652,9.6056,11.8239,9.5794,10.0366,9.8203,10.3212,11.4054,7.4183,8.1161,8.3277,9.6437,10.6269,10.8349,11.4194,11.0726,9.0370,13.0876,9.3478,9.7046,10.0790,9.2886,8.6534,9.4634,8.9022,10.8081,10.7035,10.5699,12.1579,10.0574,14.4325,10.5546,10.2773,12.7374,14.2395,14.2079,15.7673,10.5317,9.9741,11.1209,15.5677,9.7126,11.1087,8.9741,10.1879,8.2122,10.4001,10.2203
5.4136,3.4406,4.0212,4.1578,2.1745,3.7151,3.8914,2.1659,4.7868,4.7747,4.7013,4.8767,6.9149,4.2679,7.7469,6.5688,8.0010,8.6913,7.9135,8.4938,9.0303,7.9030,8.5513,10.1832,8.7143,9.3424,9.9176,7.7329,8.3165,9.7205,7.3633,11.3590,13.1633,11.5204,13.2416,14.7123,13.2296,11.4471,8.1098,9.6960,9.3832,11.0678,14.8423,14.8271,11.6853,14.2068,13.5796,11.9830,11.0392,10.6901,12.2442,9.9761,11.2700,9.5639,11.3670,11.6952,7.8137,10.1113,8.3704,11.1038,9.6802,9.9389,11.4907,9.6673,6.4316,10.3001,9.7357,8.4534,11.3346,11.1437,9.3567,10.1215,9.7525,11.3156,8.8113,8.0404,8.9942,10.3956,9.8676,8.5098,9.2306,9.3250,10.1021,10.4636,8.8672,5.7362,6.2792,9.2315,13.0416,8.3630,7.9337,8.1001,7.1185,6.8851,7.3670,7.5287
7.3537,5.2753,5.1688,5.4419,4.4237,3.7288,4.8813,2.9941,4.2356,6.3489,5.6182,5.3689,5.8392,4.8955,7.1929,6.3643,7.4240,9.0264,7.1532,7.1445,8.5488,5.4076,8.6808,7.8123,8.4940,7.7448,8.2355,6.2132,6.5726,8.2916,6.5335,9.6065,10.2989,8.6790,10.0505,11.7234,10.0781,9.1031,6.0873,7.7355,7.6355,7.7904,11.4986,11.2288,11.4351,12.1692,11.2604,9.9111,9.4913,9.2791,12.6904,8.6945,7.4897,8.2316,9.5190,10.8421,6.4598,7.9958,8.6032,9.5051,8.2608,8.8738,11.1554,10.4400,7.7860,12.2119,10.4953,10.6207,12.3395,12.6251,11.4434,11.4285,11.1579,12.3904,10.8432,11.3121,11.3106,9.6865,11.5180,11.8473,10.4721,10.2033,10.5352,12.2749,10.0540,8.1872,8.7317,8.6398,14.8366,10.1475,8.9169,10.7808,10.1071,9.9257,9.4815,11.5688
2.7883,1.8008,2.1552,2.2284,1.9107,2.4464,2.6803,2.1427,3.4310,3.9883,4.6315,4.2768,5.9955,6.0823,7.0938,7.7159,7.8765,8.6190,5.9612,6.9606,6.1431,6.3300,7.2975,6.8558,8.5300,6.7390,5.1318,5.7810,7.6026,7.2231,3.6965,7.2073,6.1816,5.6215,6.3909,7.3856,5.6705,3.9043,2.3629,1.7067,3.0257,4.2953,6.0621,8.9591,5.4924,5.2015,5.6810,6.1964,6.6301,6.6382,8.0964,5.4330,5.1401,4.7172,6.2245,6.6994,5.9489,7.8913,6.7391,7.9554,9.4388,9.6986,9.9111,10.0072,8.1635,12.4530,9.5748,8.7410,11.5898,11.3841,11.8159,12.0961,11.0005,11.6653,11.1319,10.6352,9.7614,11.6190,11.3758,10.8337,10.4099,10.0018,10.9417,10.8890,13.7721,10.7429,8.6318,9.7606,14.3346,11.7410,9.8553,11.4521,12.8639,11.3934,11.2513,11.8264
19.6941,18.9688,18.5941,17.9623,18.0730,17.4337,17.1675,16.0132,16.5843,16.7554,16.6920,16.0742,16.6839,15.2867,16.1719,16.7686,16.2658,15.6456,15.8488,15.9377,15.3859,15.4449,14.4984,14.6887,14.0012,13.8634,13.5410,13.2666,13.2434,13.4814,11.9684,12.9559,12.4719,12.4855,12.7799,12.6559,12.3975,11.8633,11.4052,11.0941,9.9565,10.9670,12.1785,12.9060,12.2817,12.3949,11.8031,11.1891,11.2344,10.6522,10.3196,11.2731,10.1305,9.9509,11.1154,10.2555,10.5647,10.1856,9.9728,9.7271,10.7324,9.5665,10.0621,10.4363,9.8793,10.2882,8.9258,9.3491,10.2699,10.6407,9.5160,10.5276,10.4650,9.9108,8.2747,9.0346,8.3449,8.6337,9.4910,8.3433,7.8227,8.4626,8.7170,9.2487,8.4380,6.9129,5.6583,5.9708,7.7796,6.8054,5.9076,6.7905,5.6796,6.1302,5.9710,5.3997
12.6626,13.3082,12.7468,12.7385,12.0772,12.1230,11.1073,9.4922,10.6717,10.8429,10.3124,10.7888,10.7727,9.3090,9.8116,10.4219,9.2520,8.8778,9.0829,8.4600,8.2612,8.2660,8.0326,8.0973,7.4635,7.4923,8.1375,6.6384,7.3447,7.2218,7.5669,8.4498,8.0324,8.4112,9.1307,9.2811,8.8779,8.9606,8.9022,8.9341,8.8577,9.1814,9.2597,10.2522,8.9592,9.0991,8.9763,8.4070,7.4886,7.7097,7.8459,7.8755,7.1239,7.6093,7.6692,8.1748,8.0563,7.1270,6.7690,6.6689,7.4366,6.9697,7.6598,6.9808,6.4217,7.6305,6.1498,5.9840,6.9142,6.9037,6.2230,7.4188,7.0443,7.0180,6.5572,7.9006,7.2463,6.1776,7.6083,6.1633,5.6897,6.1837,6.7715,7.4335,7.0147,5.5014,5.4107,4.2511,6.5009,5.3203,5.5294,5.3262,4.1793,4.9447,5.4103,4.0496
3.4592,3.3412,3.3265,3.2820,2.3614,2.8263,2.4441,2.0761,2.5040,2.3597,2.3752,2.4708,3.0917,2.1856,3.3483,2.8388,3.0501,3.4296,3.6994,3.1456,3.0878,3.4693,3.4615,3.6289,3.7372,4.0941,4.6264,3.9471,4.0513,4.2748,3.9804,4.9327,5.1166,5.1142,5.5095,5.9403,4.8573,4.8489,4.3576,4.4567,4.2673,4.8928,5.2212,5.2677,4.6105,5.0128,4.4918,3.7436,3.6478,3.7795,4.0820,3.4373,3.7610,3.4791,3.4947,3.8444,2.6764,2.9627,2.6448,3.1553,2.9591,3.1741,3.9448,3.4218,3.2990,4.0817,3.4514,3.5200,4.0043,3.9944,3.3178,3.8030,3.9022,4.4805,4.3944,4.0631,4.5758,4.1508,5.0615,4.0755,4.0663,4.5006,4.8149,4.7429,4.5713,3.6659,3.7958,4.5125,5.8243,4.0180,4.1409,3.3882,3.1825,3.3403,3.6555,3.4080
4.7455,4.4658,4.5598,4.9051,4.9027,4.4882,4.6754,3.8671,4.4686,4.9732,4.5896,4.9593,5.0263,4.4857,5.8551,5.1415,5.5806,5.7665,5.6632,5.6622,6.3605,5.4386,6.2169,5.5182,5.9016,5.9438,5.3440,5.1104,5.8913,6.2199,6.1658,6.6188,7.2349,6.5697,6.9705,7.5269,6.8282,6.2357,5.7489,5.7681,5.5296,6.0546,7.0030,6.3276,6.3113,6.9168,6.8166,5.9623,5.6123,5.6086,5.8434,4.9719,5.0629,5.4247,5.3489,5.9844,4.6008,5.7310,5.3340,5.8308,5.5809,5.5605,5.5159,5.5614,4.3276,6.0151,5.6952,5.6591,6.4066,6.1650,5.6000,5.4805,5.6900,5.9434,4.7663,5.2650,5.5815,4.6853,5.5264,4.8292,5.3413,5.8172,5.7128,5.4224,4.7587,4.2212,4.8259,4.4879,5.4110,4.3534,4.9395,3.7413,3.1675,3.8432,3.4836,4.2205
25.0791,23.0012,23.1801,22.4173,22.5176,21.0973,20.9954,20.3973,20.4851,21.1640,20.7532,18.9512,19.7201,19.3628,19.5203,19.4317,19.8230,19.4029,19.2063,19.3751,18.8232,17.8242,18.5578,18.4295,18.1808,18.1509,17.4847,17.8959,17.1231,17.3962,16.0652,16.2064,16.7174,16.4335,16.4102,16.0047,14.8984,15.6014,13.5282,12.7468,12.6601,13.5236,14.8080,15.5076,16.3361,15.0787,15.5565,15.0588,15.5139,15.0728,16.5552,15.3629,14.4587,15.3022,16.0590,14.6022,13.7469,13.4690,13.8420,12.9401,13.7799,13.5428,14.3730,14.8405,13.5156,14.6147,12.7881,13.5029,13.6398,14.4986,14.0925,12.7641,12.4319,13.0369,12.0765,12.4891,11.7575,12.1382,12.3808,11.8096,11.4484,10.2560,11.3464,11.8981,11.1996,9.6348,9.1160,9.6058,11.9117,10.4845,9.2894,11.0911,10.3808,10.5073,10.8096,11.3897
76.6395,74.1103,71.9266,70.3279,70.9001,66.8805,66.4644,62.1039,63.1802,63.4841,64.4489,58.8687,61.2915,59.2239,59.2777,62.5175,61.1639,59.0084,62.4063,59.5119,58.4778,58.7880,57.1568,60.5617,54.3184,55.9418,53.9928,53.5827,57.0531,54.9511,46.7129,50.7134,49.4585,52.8852,51.9470,49.0509,49.5552,48.1105,50.8606,46.9737,41.8637,47.4805,46.8959,52.8014,51.0731,47.4364,47.3582,42.9952,45.0702,45.4587,43.3799,44.2888,43.2170,43.1541,45.0403,37.8340,43.8574,37.6349,38.6576,34.6264,40.7198,36.0107,38.2461,37.1436,35.0444,35.8825,30.2438,33.4228,34.8314,33.7176,34.3343,32.9358,34.9540,33.3900,32.1328,33.9276,30.5832,33.5718,36.1744,31.9638,30.5264,27.9118,35.0074,35.8468,36.1640,33.8350,28.3937,29.2880,34.3047,30.4072,26.5178,31.4064,29.0047,29.5046,32.8794,28.3203
70.5817,69.9334,67.3110,67.4313,64.0976,62.5975,57.6974,53.4877,53.6211,52.7980,51.4623,51.5398,52.9783,47.4804,50.0677,49.8509,48.0710,45.3562,47.3853,43.6847,43.7568,45.5319,43.9560,43.1525,38.9205,41.4085,41.0059,38.1278,40.9678,39.0343,38.7882,39.3097,38.4879,40.0947,39.9734,37.4292,36.3585,35.6478,37.7890,34.4366,33.2496,36.8658,35.9262,39.3263,37.7821,37.8344,35.1146,31.6529,30.6526,33.3222,31.2164,31.2491,29.3009,29.3440,30.0118,27.4954,28.6679,24.1899,24.3281,20.3000,25.5075,24.1462,23.8802,24.9699,23.0892,24.3024,20.0742,20.1858,22.0612,20.9120,18.4804,20.2851,22.8199,20.4021,19.1893,24.7582,23.0835,19.0485,26.8454,19.9158,16.6799,19.6833,23.9992,25.2215,24.9796,21.5570,20.4754,19.9424,24.9709,21.9042,21.3654,20.1827,18.8701,23.3161,23.6822,21.2470
40.8122,41.7692,38.5797,40.8677,36.4882,37.4629,34.5259,30.8126,32.0562,30.6797,29.1717,31.0903,31.5126,29.7198,32.5955,30.2085,30.7498,29.8751,30.8111,26.1401,28.8825,29.8674,30.4953,28.1112,27.1182,28.7381,30.2830,26.9654,27.9504,27.2641,29.8841,28.1761,30.4313,28.7068,27.5825,27.4497,27.8095,26.6695,25.8239,25.5897,23.9289,29.0482,25.7713,27.2528,25.0334,28.0235,26.6211,23.5342,22.6259,25.6893,23.6382,21.9898,26.5624,24.8611,22.9662,23.3842,20.4492,19.9746,20.5780,19.4636,18.5654,19.4823,19.1893,20.7947,15.5159,19.5596,17.2650,17.8387,19.4492,17.5941,17.4378,15.8526,15.6922,16.7863,14.8902,17.5858,19.1332,13.0532,20.3640,14.1508,15.9486,16.5288,18.9738,16.7090,15.4301,14.4655,15.0118,14.9085,16.9199,13.4895,17.5202,15.7694,13.2602,15.4243,17.6910,18.3724
13.0475,13.7314,12.6236,13.7484,11.0006,12.4664,11.7468,10.4516,11.1583,11.6494,10.3760,11.3675,11.2426,11.1347,13.7799,11.4216,12.5261,13.0382,12.4673,11.0846,13.2607,11.7643,13.9078,11.5474,12.0885,11.8248,13.1233,11.4003,11.1883,12.5473,13.8476,13.6498,16.6968,13.8311,14.1025,15.6986,15.1273,15.1019,13.2977,14.1427,13.8130,15.4649,15.7076,15.8461,15.2409,17.2415,16.4194,15.6849,15.5239,14.8734,16.6791,15.0741,14.9354,14.5775,13.5242,15.9406,12.1996,13.5252,14.0544,13.3660,12.3993,13.8181,14.6289,15.2432,12.9556,16.9458,16.4119,16.3522,17.7411,17.5238,15.9944,15.5302,14.7248,17.2970,16.7928,17.7069,18.4284,15.1308,18.6595,16.4786,16.4971,17.1050,17.6330,18.0513,14.9629,15.4853,17.4042,18.5370,20.9339,17.1918,18.7682,16.6722,16.7669,17.9794,17.6050,19.9029
8.2691,7.8234,7.5908,8.0283,6.5984,6.2780,7.2470,5.1290,6.3401,7.2388,6.2947,6.9259,7.4487,6.1234,9.0597,7.1751,8.7043,9.4940,8.3729,8.4374,10.2114,7.7824,9.7893,9.0609,9.8801,9.0505,8.9094,8.1208,8.5159,9.8082,9.2318,10.3881,12.0539,10.2282,10.8654,12.2539,10.9418,9.9173,8.1989,8.2618,8.1969,9.3768,11.2409,11.0301,11.0267,12.1050,11.8752,10.8798,10.1569,9.2978,11.5768,8.8876,8.5508,9.0432,9.3707,11.1322,7.4564,9.2013,9.1805,10.3237,8.9253,9.7923,10.2831,10.6553,8.5076,12.0171,10.9780,10.6213,11.4954,12.1692,9.9074,9.9698,9.3936,10.8395,10.2348,10.9948,11.2051,9.2402,11.7686,10.0564,9.9599,10.6513,10.0765,10.8853,8.8374,8.1097,9.8372,9.6553,13.7032,10.5609,10.5803,9.9727,8.9089,9.4302,9.2224,10.8615
23.6112,23.4295,21.9203,22.3492,22.1313,20.9471,21.7967,20.9633,21.8456,23.1084,22.9832,21.8931,22.3967,20.9760,21.5745,22.2428,22.4245,22.2240,21.9354,21.4368,22.1010,20.6831,21.2771,21.2076,20.1807,20.1271,19.0086,18.1782,20.1621,19.9477,17.4724,19.5258,19.2027,20.5516,20.0145,20.7886,20.0327,17.9047,16.6161,17.1902,15.7181,15.8319,18.6441,19.7009,19.0715,18.6124,19.1544,17.6431,16.1661,17.4728,17.7901,17.1611,16.2419,17.6529,17.7454,17.8367,16.8422,17.4911,17.3615,16.6498,17.8799,18.0352,19.0548,18.9485,17.1772,18.9331,17.6025,18.1657,20.3005,19.8300,20.1223,19.9788,20.9913,21.2679,19.3352,20.4213,20.0276,19.2504,19.6736,19.3544,17.9295,17.4765,19.7757,19.5352,18.9481,16.1925,13.6613,13.6173,17.4202,15.8907,14.2838,17.2320,15.2491,15.1844,15.7451,15.4840
49.1098,47.5603,46.9697,47.8322,48.6127,44.8890,45.9442,40.8872,41.4462,44.9426,45.2841,42.9726,44.6590,42.0076,42.4883,46.9866,47.1033,43.2029,44.8111,42.8314,41.9758,44.1077,46.6272,44.5583,43.7380,43.9958,41.9256,38.7613,46.6036,42.7447,39.2720,40.6994,41.6874,43.4967,43.7232,41.4297,42.1797,40.1422,41.9296,40.0414,36.6218,39.3687,42.7482,42.1547,38.9038,37.1993,38.8888,33.9716,34.2585,37.2779,32.4805,35.2164,32.1414,35.0586,36.3359,32.6035,37.3381,35.0517,34.9224,32.9592,36.6437,31.0717,30.2008,30.2699,26.7569,29.1272,27.1771,28.2131,29.9565,28.0326,29.2522,26.9526,30.8320,28.9297,28.3825,27.5112,26.3853,28.9805,32.2925,28.8667,29.9574,27.2605,33.6180,33.2588,33.5167,29.3695,22.4965,21.8240,25.2700,24.5512,18.7558,23.4870,22.1615,21.1006,23.8686,22.8518
60.8615,59.6464,58.5403,56.8932,55.0099,53.2438,52.1836,49.1690,51.4637,50.1261,46.0480,46.8339,48.3367,43.9129,44.6132,46.6090,44.5182,43.2439,44.6886,40.5245,41.1961,40.9105,42.0254,41.0524,37.1911,36.3359,38.3472,35.9720,38.1939,36.3755,35.0574,35.9518,36.2081,35.5730,37.9971,35.5093,34.4924,34.5525,33.6276,33.6966,32.6661,34.9706,37.3041,39.7872,36.4033,36.4491,37.1081,36.1383,34.4351,35.6097,36.6398,37.1874,36.7717,35.8891,39.1403,34.2603,33.4516,29.0532,31.8461,27.0075,29.3278,28.5769,29.2305,28.8627,23.8086,25.4053,23.7085,23.9308,23.8881,26.3737,25.3436,24.1831,24.9146,26.4547,24.5204,28.8542,24.2421,26.7550,30.4636,24.6696,22.8742,21.9677,27.3121,31.1908,29.7518,25.8688,23.4779,23.7001,27.5825,24.9150,22.8086,27.2428,22.0119,22.5899,25.5525,23.2184
13.8459,14.3519,13.7350,15.5426,12.3554,14.2389,11.8185,9.0671,10.7410,10.6643,10.2920,10.9826,12.7053,8.8735,13.0844,11.9364,11.5497,10.4012,11.8155,10.0866,10.2633,10.9453,10.2423,9.8660,10.3286,11.2903,11.3866,10.1235,11.7740,12.0587,11.9979,13.8542,15.2838,15.7287,16.9094,18.2022,15.3418,14.1582,14.2548,14.0086,12.5448,13.9807,14.3321,16.4907,15.5935,18.1803,16.2353,13.8953,13.8323,14.3171,15.0158,12.9307,12.6540,11.9721,12.1768,13.0704,11.8391,13.2574,9.9015,11.4664,11.6389,11.8540,12.4571,13.1547,11.4775,15.5244,14.5079,14.4846,16.1043,14.6257,13.2069,15.0761,15.2420,16.2866,15.8200,17.1550,17.7524,15.8454,19.8690,18.0489,16.5600,21.0755,20.9076,19.0863,18.3932,14.9188,17.3760,16.1535,19.9762,15.6575,18.3215,14.0246,13.1052,15.9791,16.3648,15.7263
8.5306,8.3373,7.9596,8.0172,7.2945,6.9247,7.6805,5.2756,7.9594,7.8437,7.5983,8.1189,7.9273,7.1405,10.5668,7.9958,9.2140,9.2411,8.6677,8.4044,9.8793,8.0034,10.5438,9.2215,10.0355,9.9074,11.0213,8.6257,8.5857,10.1227,9.8032,12.3052,13.6778,11.0628,12.6108,14.5560,12.9862,13.0958,9.8551,10.7804,10.8846,12.2534,13.8579,14.3807,13.1932,14.9379,14.8885,13.2760,11.9871,11.3583,13.5362,11.0037,10.3215,10.2820,10.7606,12.1184,7.7602,10.4356,9.1962,10.6347,10.7224,10.8410,12.1077,12.5513,9.5310,14.0329,12.7465,11.5351,13.7172,14.0919,12.5159,12.6115,11.9986,14.6548,13.1206,13.5462,13.7092,11.7834,13.1762,12.1097,12.2841,13.1375,12.8728,13.2889,11.7791,9.3118,10.3431,11.3620,15.4305,11.6684,11.7662,11.9297,10.1795,10.2552,11.0120,12.2685
7.6813,6.6440,6.3640,6.6220,5.2755,4.8115,5.7188,4.7170,6.1296,6.4992,6.2037,5.7662,6.3580,5.0740,7.4844,6.4079,7.4014,8.4496,7.0277,6.8437,8.2161,5.8822,7.4263,7.1532,6.9708,6.9669,7.1521,5.8265,6.8534,7.5863,6.2170,8.0955,9.5106,8.7282,9.9280,11.0858,8.7448,8.5888,6.7602,7.3140,6.9526,7.8721,10.4813,10.7931,10.9239,11.2777,10.9899,9.6109,9.2261,8.4502,10.5394,7.3644,7.2389,7.3839,8.2029,9.2233,5.8290,6.7863,6.6790,7.8482,6.0145,7.3004,9.0066,8.4548,6.2069,9.7676,8.5144,8.7820,9.8583,9.7499,8.1099,8.1340,8.4042,10.0334,8.4397,9.2674,9.9483,8.5396,10.5076,9.0819,8.6537,9.2736,8.4016,9.8117,7.8523,6.8578,7.3882,7.5504,12.9225,8.6195,7.9813,8.6361,8.4956,8.0891,9.1332,9.9805
55.1366,51.4826,50.6569,49.0637,48.3025,45.1531,46.1913,43.1298,42.9557,43.3807,42.3906,39.4166,40.5413,38.9210,40.1269,40.1741,40.9346,40.4867,39.1301,39.3681,38.1891,37.9152,37.2303,37.0580,36.0983,35.5838,33.3927,34.9077,33.2315,33.7155,30.5297,32.3576,32.4304,32.8353,32.4228,31.1344,29.0562,29.2418,24.7432,22.9692,21.6309,24.6033,28.0686,30.2705,30.9866,29.1052,29.9390,28.8351,28.9786,28.3347,30.9429,29.3814,27.6049,27.7792,29.9202,27.9285,25.3200,25.9751,26.2176,24.1313,27.1648,26.6087,27.2175,29.4726,26.2392,28.5343,24.3314,24.4893,26.9054,27.3063,27.5761,25.0284,23.6951,24.6719,22.6160,24.8299,21.1213,22.5197,23.9832,22.4636,19.8311,18.3909,21.6082,22.2137,21.3071,17.0327,14.9208,17.0787,22.2492,19.4103,16.6378,21.2467,20.2467,19.6678,21.4440,20.7340
14.8362,15.6687,15.1987,15.5675,13.0709,15.7858,13.9661,11.2450,13.0336,13.3041,15.7702,13.3520,14.6947,10.5515,13.0647,12.8935,12.0840,11.8895,10.7954,10.3934,9.0323,8.6682,8.1456,10.4720,8.0015,8.8303,9.5678,8.1907,7.7326,8.7619,4.6052,9.6767,8.2678,11.9730,11.0622,11.0378,9.4154,9.3710,9.8857,7.9900,7.7985,9.8677,11.3112,16.2779,15.1483,13.4343,12.6164,12.0841,11.3784,12.4655,13.5310,11.2455,11.7706,11.7819,13.2790,13.2084,14.1325,13.2584,11.0646,11.5172,13.4603,12.7337,15.2860,15.4645,11.9801,18.6640,13.8834,14.1375,16.1700,14.9782,14.5901,12.9961,12.5836,11.2661,12.0985,12.1650,12.8204,13.0690,11.7643,11.7861,10.2113,11.9853,11.4985,13.6538,14.6764,12.9163,11.3352,11.8594,16.2448,11.6103,12.9535,12.6263,16.7833,16.5457,19.5075,16.7366
5.0543,4.2554,5.8852,6.0379,4.9934,6.9249,6.4189,5.1606,6.5982,7.7174,8.5794,7.5297,9.1171,6.1815,9.3823,8.0243,8.8458,8.2943,7.0665,8.1055,6.7280,5.7874,7.3581,7.6109,7.6496,8.6473,8.2115,6.8746,5.3970,7.8000,4.5150,8.0275,7.0881,7.5964,6.7322,9.2595,8.4588,8.7341,5.8847,5.4758,6.0350,7.2130,9.9723,10.5817,7.9134,8.3196,8.1895,6.2600,5.8807,7.5986,8.0091,7.4644,8.3825,4.9333,7.0339,6.6133,4.4046,5.3352,5.3281,6.8638,6.8577,6.0584,8.7765,10.0473,6.9555,9.8512,7.6012,7.8519,10.5234,10.4566,9.1326,10.0017,8.6233,9.3196,9.6748,9.3047,8.4595,9.7530,10.7176,8.2250,8.7948,8.3549,7.5338,8.4679,11.2124,6.3267,4.6651,8.2913,12.6661,7.8968,6.9176,9.1040,11.3411,8.4697,11.1127,9.7849
7.9818,6.8437,7.1187,6.4251,6.5584,5.0763,6.6616,5.5260,7.0119,8.7984,8.4014,7.7679,7.6523,6.6756,6.8002,7.0457,8.0894,9.2914,7.8480,6.9300,7.8171,4.9948,6.1068,5.5993,5.0087,4.2817,4.5281,4.2570,4.2183,5.0060,3.4960,5.7722,4.9518,5.9628,6.8328,7.4700,7.0333,6.0700,4.5441,4.9652,4.4362,5.1076,8.3065,8.4653,8.2185,7.7760,8.3834,7.3326,5.5265,7.1222,8.4930,5.8651,7.0799,5.4844,7.6160,7.6505,4.3577,4.3600,5.1665,6.7749,4.9370,5.6415,7.4034,7.5825,4.3589,8.7626,6.6417,8.3566,9.7751,8.6043,8.8416,7.4957,6.9129,8.6245,6.4639,6.3251,6.7445,6.0974,6.0448,5.2676,5.0009,6.8978,3.6792,5.2027,4.5912,2.3135,1.8703,3.2246,7.0308,3.9249,3.2804,5.7304,7.0916,5.6175,7.5661,7.9678
15.2325,13.6260,14.3781,13.6551,13.8019,11.7815,13.0677,12.6193,14.3551,16.1211,16.9507,15.3374,17.3171,15.8102,16.2388,16.3572,17.4867,17.8712,15.7218,15.9433,15.7827,14.2108,14.5347,14.9368,16.3261,14.3396,13.0299,13.7541,13.3188,14.0158,12.1243,14.8091,13.6964,14.9617,15.3564,16.3155,15.1477,14.2922,12.0236,12.0528,13.0925,12.8106,15.9624,17.4400,15.8284,16.0147,15.2619,16.2350,16.1133,16.9251,17.8732,17.2934,15.6010,17.3281,16.3308,17.8069,16.8100,17.1664,18.0947,18.3942,19.6993,18.8810,19.9632,20.8275,18.9585,21.3099,18.8407,19.4827,20.7407,20.8711,18.8849,18.6581,17.5520,17.7002,15.9853,16.2227,15.7485,17.0582,15.9122,15.6585,16.1915,15.4660,16.4229,17.0842,16.7642,14.6023,14.2403,15.2449,18.9034,16.4976,14.6945,16.4384,17.0102,16.0132,17.6711,16.2770
2.6464,3.1017,2.7334,2.9252,1.6025,2.6564,2.6721,1.5603,1.9520,2.8193,2.6135,2.6760,3.6433,2.2119,4.6808,4.2779,4.6589,4.9402,4.5107,3.9843,3.6248,2.9024,3.2856,3.5937,3.2752,2.9339,3.3005,2.4979,3.2520,3.3787,2.8548,3.9467,4.2319,4.6260,5.0928,5.7364,3.3753,3.5836,3.1154,3.7687,3.2404,2.7764,4.9618,5.7167,5.3707,4.8658,5.0616,4.4384,5.6738,4.3191,5.3518,4.0576,4.2709,4.6550,5.6741,6.0066,5.4081,5.9021,5.9974,7.3144,6.5942,7.2757,8.4704,7.7789,7.6888,9.4484,8.4568,7.8898,9.7622,8.3956,7.3257,8.7168,7.7406,8.8568,8.5043,8.6950,8.4846,8.5500,9.7892,8.4110,8.8268,7.9124,8.8813,9.1237,7.8815,8.1558,7.5669,6.7914,9.2400,6.7721,6.3409,5.6417,6.1224,6.5049,6.4888,6.5386
67.6460,64.5242,62.2776,61.4824,61.2022,59.3046,59.0675,55.4754,58.5499,59.9512,59.2725,55.8186,56.6902,54.6725,55.2555,58.0262,56.3549,54.6031,56.0013,53.4346,53.4141,54.4219,52.6932,53.7272,49.1320,50.3901,48.8200,46.3313,50.8579,48.4225,43.2727,46.5417,44.7505,46.5930,46.8505,46.5174,48.0465,44.8041,44.3612,42.7022,38.2212,41.2727,44.1007,47.1200,45.4321,43.4220,42.4961,41.3339,38.0044,40.8536,37.0379,40.1427,38.7819,37.4915,41.7976,37.0445,40.1159,37.9218,39.4855,37.4309,38.4602,36.2459,38.4630,36.7629,34.0598,33.5370,34.1837,34.4143,39.6268,38.8900,39.0039,39.3895,38.0518,37.0487,33.4247,34.9282,30.9443,34.1471,34.0947,30.7096,31.9152,28.1718,34.7753,33.3603,32.2507,27.4172,20.3517,20.5692,24.4823,21.9954,15.9639,24.1129,20.6512,20.2501,22.5056,21.0823
75.8450,75.8726,72.9780,73.4549,71.0228,68.4361,64.2831,60.0501,61.3140,62.6750,61.4545,60.4758,61.9771,56.1260,58.0011,59.4854,56.7400,55.2016,57.7097,52.2690,53.6548,53.5552,53.4296,51.0365,46.9265,49.3399,48.9490,44.6422,49.2298,46.5622,46.4468,47.1508,46.3298,47.8976,48.3245,46.6294,44.2094,42.3755,42.4601,41.4598,37.3920,39.8050,43.3372,45.1657,42.5268,43.5280,39.8735,36.7539,35.0011,37.0546,35.2328,36.4133,33.8659,36.2358,37.9590,37.3213,37.0857,32.2888,33.8886,29.1017,32.8227,30.5385,34.0894,32.2655,31.2565,32.1850,29.3875,29.2356,31.1586,31.3948,28.9217,31.3288,34.5282,32.1904,28.2756,34.3420,32.5100,27.7743,34.9174,27.8002,26.8342,25.5985,32.0051,32.4506,30.0452,26.0515,22.3404,19.2055,26.5217,23.9815,21.4649,22.2736,18.5781,23.0212,22.6350,20.5549
65.8541,66.5112,64.5275,63.6348,60.9343,59.4524,57.1815,52.5416,54.2497,53.4712,49.9628,50.2809,53.2327,49.4932,52.0954,50.8979,52.1745,49.4049,52.1618,46.8422,47.3841,48.3429,48.7699,47.8498,46.0872,47.0859,48.4527,43.9031,44.8026,43.4937,45.1069,45.6020,46.6826,47.3051,42.7684,43.5546,41.8822,39.1240,36.2264,35.0333,35.2650,39.0907,40.4355,42.7086,37.9698,39.1567,40.0948,37.8694,35.3259,37.3494,36.9052,39.0570,41.1848,42.3117,40.3582,41.7934,38.8816,35.8553,36.8928,35.0004,38.0168,35.8272,36.4186,37.9772,31.5259,36.1909,31.6548,29.5665,32.2706,32.8788,30.6071,31.9472,31.8731,31.2006,29.1307,34.8388,36.0803,32.9068,40.8491,33.3985,32.6391,30.4848,35.4936,36.2558,35.8219,30.1912,28.6700,30.3765,34.7164,31.0259,31.1535,32.4132,27.0419,31.2891,32.0459,28.3998
26.4495,27.5449,25.8898,27.5710,22.9191,24.5906,22.4568,19.8395,21.4638,20.7996,18.5802,19.9963,19.8601,18.7254,21.6562,17.9971,19.7082,19.4739,20.6000,17.9669,19.6919,17.4227,20.2287,18.4597,16.9877,18.0192,22.2996,17.9160,16.9888,18.9112,21.4638,20.4551,23.2980,19.9755,20.0199,21.3562,21.5840,22.4507,20.1299,21.6213,21.4266,23.0437,21.1144,22.2507,21.9505,24.2197,22.3058,20.2064,20.6107,20.4946,20.1797,19.3155,20.3917,20.4499,18.4497,20.3020,17.9523,17.2902,16.7123,16.8525,16.3266,16.7951,18.5929,18.4870,14.4838,20.2227,19.4475,19.4684,21.9763,20.6919,18.3056,18.4802,18.1922,20.8256,19.9843,20.5197,22.1868,17.8085,23.6499,19.8419,20.2538,21.3056,22.4220,21.7422,17.8248,18.9252,21.2339,21.0548,23.8073,18.7737,20.9933,17.6560,16.2647,19.6406,18.5592,21.0292
76.0240,78.0843,76.1538,77.8059,76.3467,71.4378,69.4570,65.2640,62.9652,66.9360,65.6954,67.9064,66.6052,64.4437,67.2314,62.0546,60.7427,57.4629,58.1091,56.6657,59.1025,58.8346,61.3965,56.3114,56.8322,56.5101,54.8525,53.5247,54.7541,55.5641,59.0062,55.1945,58.7633,52.2067,51.0667,52.2799,54.2160,52.6454,52.2018,49.5090,50.5674,51.8652,47.7179,46.8609,45.5707,49.5514,45.8937,46.6423,45.4398,46.6307,45.3749,47.7111,43.3830,46.4447,44.9619,47.4821,47.0993,45.3825,49.9239,42.6798,44.8681,44.3299,40.1382,43.1453,38.3842,38.8884,39.8503,39.0408,40.2246,41.6458,38.8416,38.6014,35.7087,38.4642,33.6953,38.6182,36.1131,30.1788,39.9156,34.7448,35.5787,32.6325,36.5228,36.5041,30.2541,32.1565,33.8685,30.7295,33.7121,33.5817,28.8076,30.0829,26.8434,32.0188,29.7161,31.8458
25.3525,29.6745,31.5211,32.0822,30.5718,30.2923,24.5630,25.5618,24.4908,26.4967,23.5289,26.6172,25.3676,23.7394,23.7909,21.5264,21.1091,19.3865,22.7601,17.4168,18.9281,19.4168,20.5666,15.3967,16.1410,15.5253,15.7874,15.5305,17.1723,15.5765,22.6111,19.0451,20.2773,16.9707,14.3910,16.1995,13.5930,11.7271,14.1820,12.4787,17.8830,16.5225,16.6730,12.6811,11.9858,11.7159,11.6774,14.5420,10.1782,19.8119,21.6614,20.5506,16.7220,28.5576,22.4909,29.7924,24.0789,21.6755,26.8512,18.6368,24.5074,24.1215,25.0051,25.0891,20.5903,27.5931,22.3372,22.7296,23.8266,24.5240,21.3615,19.0595,16.2130,20.0414,15.5055,24.1998,21.2144,12.9102,20.5141,17.4192,13.1037,18.0367,14.1026,13.3683,13.9473,17.6345,19.6343,12.8383,17.5956,19.3729,18.9955,14.5260,15.8524,22.4215,16.5250,20.3610
11.8404,13.6493,12.5776,13.6744,9.9400,12.1980,9.4900,8.4187,9.1218,9.2676,7.3607,10.3610,9.3502,9.8170,12.9602,9.9097,10.1487,11.0280,10.9521,8.9065,11.1968,9.5903,11.7700,9.1555,9.9172,10.3155,12.5745,10.3804,10.0451,10.5159,13.5985,12.0427,14.5392,12.6066,13.7346,16.0754,12.2972,15.0615,13.1799,14.1780,14.6157,15.0079,14.1865,14.8196,12.9503,15.2352,14.5583,12.8669,13.9548,12.0402,13.3862,11.2624,12.9793,13.7038,10.9246,14.5289,11.1686,12.8052,11.5244,11.7263,9.7809,11.3002,10.6929,11.6805,10.2080,13.4090,12.6101,12.7359,14.1973,14.9134,12.9498,12.9642,11.0586,14.8600,13.9809,14.7157,14.9087,10.9004,16.5578,12.1680,12.1072,13.7931,15.8311,14.5555,10.3010,11.8075,14.6303,14.1404,16.4807,12.1984,15.0901,9.3208,7.7100,9.2320,10.1385,12.2180
16.7203,15.7291,15.5196,15.7161,14.7837,13.7983,14.6404,13.1448,15.3681,15.6456,14.5743,15.2465,15.5832,14.1204,17.7961,15.4101,16.7988,17.4316,16.9003,16.9176,18.9130,15.8776,17.6760,17.3590,17.9083,17.3905,17.3370,15.8895,16.8303,18.0206,17.1729,18.7847,21.0822,18.6850,19.7637,21.4224,20.3314,18.8871,16.3122,17.4012,16.8997,18.3753,20.0260,20.4837,20.5137,21.6962,21.5936,19.6565,19.2297,19.0786,20.6394,18.2352,17.4406,18.3275,18.9058,20.8060,16.1476,18.2691,18.4522,19.2118,18.7590,19.1814,20.7605,20.5901,18.0765,22.1802,21.3017,20.8453,22.8075,23.3954,21.2285,21.8959,21.5524,23.6663,21.3768,22.2287,22.8656,20.8445,22.1551,21.1694,21.0066,21.9946,21.0738,21.5654,17.9907,17.4256,18.3558,18.2894,21.8964,19.3370,19.1750,17.9444,16.2436,16.7753,16.5198,18.4585
6.4592,6.5639,5.8653,6.6867,5.3022,5.0359,5.5126,3.5053,5.3272,6.5039,5.4118,5.8762,6.2715,5.2055,7.9431,6.5217,7.9175,8.9431,8.0704,7.9054,8.7302,6.4801,8.6215,7.5389,8.1395,7.6089,7.7638,5.9945,6.8723,8.4397,7.5714,8.7937,10.0966,8.7319,9.7171,11.5209,8.9201,8.6121,6.1035,7.3822,6.7032,7.6583,10.8002,11.0843,11.2426,11.5473,11.4707,10.6331,9.9433,9.5684,11.9467,10.0968,8.1435,9.5157,10.3902,12.6363,7.5476,10.0109,9.8858,11.0569,10.8739,11.0782,12.8769,12.3003,11.1543,14.7573,13.4012,13.0379,15.0100,15.1993,13.5599,14.1380,13.0953,15.8121,13.7094,14.6153,14.2982,11.9309,13.8653,12.5407,12.0353,11.9197,11.6906,12.6287,10.1738,9.3147,9.2440,8.8909,13.9575,9.9103,10.0325,10.1151,8.9446,9.1173,8.8439,10.2342
2.6671,2.1505,2.5319,2.0908,1.8429,1.8475,2.1003,1.7861,2.4187,3.2346,2.5941,2.8872,3.7547,2.1283,4.5428,4.1642,4.0421,4.9018,4.1058,4.0220,4.2758,2.9192,3.8058,3.6638,4.0774,3.6846,3.4242,3.1652,3.3434,3.7070,1.9494,3.3012,3.6011,4.4345,4.3529,5.4495,4.1231,3.7113,2.9697,2.7329,3.0798,3.7274,5.3168,5.9967,5.2523,4.9867,5.2960,4.3109,4.7167,3.9142,4.1664,3.5122,3.9399,3.9761,4.2846,5.3035,3.4229,4.3952,4.4539,4.9583,4.0189,4.8301,5.2864,5.9990,5.2777,7.6253,6.5600,6.4885,7.5882,8.1125,7.4005,8.1170,8.1454,8.2334,8.1397,7.5393,7.8905,8.0851,8.1224,7.5040,7.3129,6.6737,7.7007,8.2464,7.2886,6.2013,5.3509,6.7514,8.5252,6.9536,5.8071,5.6494,5.9502,5.6166,6.1712,6.6746
1.4763,0.6355,0.3724,0.2283,0.0000,0.6498,0.8595,0.0000,0.9228,1.9860,1.4601,1.1948,1.6819,1.2122,2.8324,3.1467,3.4832,3.7009,3.3035,3.1405,2.9507,2.2651,2.7722,2.3385,3.2070,2.6201,2.6416,1.7098,1.6393,2.8493,1.7092,2.7153,2.4716,2.1395,2.3342,3.0622,3.0674,1.6057,0.2860,1.4346,0.9272,1.6907,3.8369,4.0135,3.2589,3.2596,3.6750,3.6236,2.8081,2.9958,3.4185,3.2280,2.7842,1.9380,3.1158,3.1398,1.7191,2.9511,2.6792,3.4891,4.2217,3.1559,5.0224,5.3037,4.2445,6.6615,5.7045,6.1550,7.7892,6.9607,7.4281,7.7636,7.4152,8.3567,7.1537,6.2862,6.8951,7.5298,6.3988,6.6047,6.3702,6.4256,6.3423,6.3549,5.8870,3.9415,2.9733,4.5677,5.7255,4.1141,3.2210,5.4031,5.5033,5.4574,5.2775,5.2940
0.9256,0.3303,0.6065,0.4123,0.3838,0.6104,0.6311,0.3121,1.6687,1.9312,1.7758,1.0832,1.7795,1.2651,1.6650,1.9528,2.4818,2.7260,2.6071,2.5239,2.4968,2.2794,1.8871,2.6359,2.6932,2.5961,2.2015,2.2467,2.1150,2.7930,1.7861,2.4944,2.5350,2.4279,2.5847,3.1804,2.3353,1.5111,0.4724,1.1741,0.7903,1.0721,2.6398,2.9638,2.5598,2.5522,2.9856,2.9908,1.6641,2.6305,3.0665,2.6898,2.4476,2.7037,3.3980,3.0157,2.0822,3.1144,2.7107,3.0971,3.5236,2.8567,4.0575,3.5690,3.0103,4.2702,3.7268,4.0617,5.2026,4.8882,4.9722,5.0339,5.0620,5.6704,4.4341,4.3301,4.3847,4.9619,3.7593,3.3394,3.6061,3.8435,2.9753,2.8082,2.6377,1.6395,0.6989,1.4592,2.3807,1.7633,1.1597,2.5472,1.6493,1.7990,1.7048,1.5322
0.0000,0.0000,0.0000,0.0000,0.0000,0.0000,0.0000,0.0000,3.0394,3.3855,3.1627,1.6206,2.8147,2.4377,1.8174,4.1671,4.6356,5.4113,5.5672,6.6160,6.0097,4.6351,4.5328,6.5694,5.3326,6.0630,5.9962,6.2964,5.9588,5.9919,2.8410,4.2277,3.7146,5.5042,4.4562,5.8746,3.6636,3.3103,3.3844,2.7334,3.1340,3.1238,5.6630,6.2207,4.8334,4.0176,5.1063,5.2858,4.5932,6.1899,6.6140,4.7465,6.9191,7.4399,8.2189,7.0637,6.9962,7.3333,6.4875,7.6477,6.9880,7.1631,8.8823,7.5150,6.5273,8.7743,8.3818,8.0619,10.0724,9.5163,11.5309,11.4983,11.2431,10.8396,11.0190,9.8785,8.9098,10.5761,7.2846,6.9687,8.5140,6.9349,6.5904,6.6937,7.2441,4.7477,1.9418,3.5850,4.6460,3.1808,2.9559,4.3040,4.2757,3.6160,2.7527,2.7998
0.6043,0.4721,1.0593,0.9183,0.8220,1.4497,1.1237,1.3248,1.9523,3.8264,2.8783,3.3617,2.8113,2.5618,3.3020,4.4693,4.4884,5.6028,3.9710,4.3854,3.5345,2.1795,3.8996,4.0404,4.5060,3.9503,3.7832,3.2321,3.1399,3.3199,1.1753,2.1219,1.5058,2.5916,2.3913,3.5681,2.2764,3.0086,2.7575,2.5824,3.1567,2.7737,5.7444,6.4428,4.1248,3.6274,4.2338,3.1891,4.4847,3.4943,3.8956,1.8285,3.5712,3.7385,4.2984,2.8808,3.1196,4.7128,4.2477,4.4574,3.7802,4.9518,4.7695,5.0830,5.0312,8.6698,6.2308,6.8050,7.3922,9.1033,8.7583,9.6350,9.3141,8.8731,9.3107,7.1040,7.9434,7.3224,6.5102,6.6124,6.9396,5.0402,5.0898,6.3820,6.7927,4.6023,2.9012,5.0144,7.0545,5.4878,4.7203,3.7556,5.2135,4.5189,5.0369,4.8687
10.1447,9.1625,8.7367,8.2520,7.6382,8.1085,8.0182,7.7663,8.0301,9.4652,8.2261,7.4102,8.1997,8.0968,8.9201,9.9364,10.3943,10.2329,10.1407,10.1526,9.8125,8.8120,9.4010,9.3324,8.2390,7.8683,7.8919,8.1114,7.7740,7.0212,5.5504,6.3264,5.8498,7.2934,6.1119,6.0154,6.9978,5.2542,5.9271,5.1266,4.8798,6.9394,8.2756,8.7611,7.3291,6.6308,7.1561,6.5803,6.2667,6.3534,6.2056,5.8184,7.0470,6.2389,6.6342,6.3567,6.4643,5.7257,5.7667,6.0863,6.6187,6.0695,7.5871,7.9152,7.1664,8.6872,8.0132,7.9042,9.6457,8.9904,9.8402,10.0371,10.5848,10.6778,10.0895,8.9525,9.6634,11.1997,9.8577,9.6035,9.4398,7.9007,9.3929,9.3829,9.3076,7.9710,5.2999,8.0098,8.4462,8.4793,6.8122,8.0922,8.8346,8.8751,8.2526,9.0834
21.1425,20.0035,18.7879,19.1225,17.9155,18.5845,17.7473,16.4333,17.4669,18.7339,17.8309,17.5336,17.6568,18.4805,19.0963,20.2358,19.6500,19.0174,19.1641,16.9782,17.9187,18.9122,18.2460,17.8594,17.7636,17.4942,16.8884,15.4280,17.5311,17.7361,15.8570,16.5189,15.7076,15.0564,15.5898,15.5650,17.0663,15.0905,15.1712,16.5049,13.0869,14.4919,16.2215,17.4256,15.9919,15.9397,15.8533,16.0631,13.9534,14.8015,14.1769,16.5971,14.4478,12.9293,14.4647,12.6388,13.7214,14.3047,13.7877,14.5436,15.9784,13.5125,14.5529,14.0597,13.5778,13.9053,13.2382,13.9758,16.1667,15.3569,15.5628,16.7418,15.9501,16.2857,14.1310,13.6119,13.9250,14.7073,14.7183,13.2849,14.2233,12.7892,13.8081,14.1201,13.2291,10.8299,9.0607,9.3713,11.1161,9.5884,7.7946,12.6254,9.7948,11.0406,10.0078,9.7377
12.1036,11.3124,10.4970,10.4494,9.0755,8.9172,9.0075,8.1634,8.4499,8.2470,7.3887,6.9112,8.6456,6.5590,7.0639,7.9955,8.5798,8.0233,8.3479,7.4383,7.1066,7.5577,7.9484,8.2765,7.2465,7.4050,7.7247,6.9092,7.2901,6.7722,6.7503,6.9785,7.7752,8.1984,8.5039,7.3335,7.2639,6.7228,6.3535,6.7340,6.5677,7.3215,8.7467,9.3794,7.8757,7.0672,7.6529,7.2934,7.6043,8.5004,8.3713,7.3356,8.0161,8.2904,8.4447,6.5881,6.8074,6.2495,6.7199,5.7509,6.4862,6.5062,7.0605,6.6306,4.4761,6.0103,4.9128,5.1353,5.3571,5.0066,6.0215,5.6442,6.1797,6.0203,6.5815,6.8974,6.4654,7.3996,8.1213,6.7634,6.3119,6.7201,7.3066,7.6383,9.5766,8.1353,6.9739,7.9722,9.5061,8.0046,7.7083,8.5972,9.1492,8.5485,9.4180,8.5905
2.6741,2.1122,2.0603,1.9578,1.7738,1.7293,2.0552,1.1438,2.1837,2.4258,2.5659,2.4394,3.1152,2.3068,3.1498,3.0886,3.2268,3.5726,2.9741,3.2694,3.1548,2.8018,3.3117,3.5383,3.6194,3.1232,3.5150,3.3345,3.2779,3.0902,2.0564,3.4125,3.7749,4.1496,4.2900,4.5310,4.4964,3.7914,2.9514,2.9954,3.0254,3.5836,5.0120,5.2011,4.0280,5.0445,4.9106,4.7018,4.0635,4.2820,4.5105,4.3132,4.7326,4.0337,4.5099,4.1376,3.7644,4.5925,3.6730,4.5171,4.3087,4.3791,4.2333,4.4731,3.2882,4.9671,4.4909,4.0484,4.9285,4.9506,5.0039,4.2203,4.3513,4.9996,4.4587,3.7377,4.3009,5.5754,4.4502,4.7887,5.1681,5.2712,6.2378,5.9669,7.0821,5.1531,5.3553,6.4042,7.6735,6.2169,6.2937,6.7695,6.7404,6.4847,6.8568,6.7239
3.0301,2.0214,1.7884,1.8457,1.2576,1.4511,1.6440,1.2553,1.3180,1.9795,1.8983,1.2903,1.5942,1.2317,2.0136,1.6647,1.9133,2.1741,1.0998,1.2984,1.5532,0.8805,1.5414,1.9851,1.9748,1.7986,2.0237,1.6085,1.7659,2.0680,1.2302,2.0332,2.5436,1.8604,2.3293,2.9632,2.5815,2.5081,1.6556,1.7901,1.9147,1.7489,3.3016,3.6375,3.4592,3.3630,3.6053,3.1988,2.7234,2.9507,4.3087,2.5795,2.1956,2.0501,2.5206,2.1801,1.7080,1.8916,1.5651,1.6293,1.7403,1.4830,2.4973,2.5494,0.9169,2.8818,2.3435,2.2564,2.9080,3.2032,2.3659,2.9553,3.3669,3.5972,3.6243,3.2087,3.3567,3.9998,4.0885,4.3287,4.1865,3.9648,3.8798,4.1588,4.8719,3.4918,3.5398,4.2251,5.8883,4.5990,3.1543,4.7158,5.1546,5.2027,4.6982,5.4121
1.3950,1.0921,1.1662,0.9798,0.8583,0.7534,1.1775,0.6998,0.8519,1.1731,1.3034,1.1552,1.2148,1.0210,1.5286,1.7324,1.6983,2.1086,1.4404,1.5389,1.6140,1.4211,1.9013,1.5111,1.7192,1.4989,1.2840,1.2601,1.5679,1.5013,0.8265,1.7822,1.3220,1.5625,1.8625,1.9899,1.5606,1.5712,0.8632,1.0203,1.0368,0.9478,2.0870,1.9747,2.1313,1.8404,2.0364,2.0007,1.8931,1.7813,2.3901,1.8283,1.5988,1.4556,1.5966,1.7208,1.2978,1.6441,1.3941,1.6844,1.8364,2.1313,2.0719,2.2948,1.7113,2.5481,2.0744,1.9606,2.5860,2.3759,2.5376,2.3416,2.2108,2.3731,2.2607,2.3735,2.3366,2.1959,2.1659,2.5982,2.1966,2.1914,2.2805,2.5454,3.0261,1.8830,2.0246,2.0782,3.5235,2.6680,2.6428,3.0893,3.3271,3.0005,3.2035,3.4746
0.3856,0.2173,0.3582,0.2498,0.2724,0.1884,0.2434,0.1728,0.3457,0.4503,0.4966,0.3661,0.5354,0.3320,0.4669,0.4796,0.5425,0.5853,0.4564,0.4469,0.3920,0.2728,0.3756,0.4056,0.5296,0.4049,0.2937,0.3549,0.3384,0.3917,0.2202,0.4940,0.4538,0.5688,0.6244,0.6753,0.5436,0.4945,0.2349,0.2739,0.2972,0.3735,0.7024,0.8465,0.7197,0.7259,0.8094,0.7149,0.7000,0.7851,0.8353,0.7520,0.6501,0.6945,0.7216,0.6937,0.5970,0.6419,0.6924,0.7129,0.8496,0.7457,0.8931,0.9721,0.7101,1.0642,0.7934,0.8559,0.9517,0.9883,0.8106,0.7917,0.7448,0.7843,0.6946,0.6340,0.6593,0.8371,0.7419,0.7059,0.7521,0.7273,0.7725,0.7896,0.8792,0.6054,0.5107,0.6638,0.9752,0.7399,0.6084,0.7357,0.8649,0.7114,0.9329,0.7855
0.2607,0.2233,0.2318,0.2000,0.1981,0.2233,0.2514,0.2012,0.3355,0.3391,0.3982,0.2767,0.4106,0.2857,0.4054,0.4365,0.4968,0.4574,0.4016,0.4622,0.3586,0.3418,0.4075,0.4749,0.4408,0.4045,0.5082,0.4974,0.4316,0.4009,0.3323,0.4928,0.4104,0.4998,0.4903,0.5023,0.3941,0.3999,0.3006,0.3416,0.3563,0.2687,0.4696,0.5135,0.3727,0.4398,0.4739,0.4146,0.5187,0.4153,0.4942,0.4712,0.4933,0.4737,0.5535,0.4560,0.5231,0.4756,0.4796,0.5996,0.5636,0.5157,0.6006,0.6090,0.6026,0.7047,0.6157,0.5696,0.6718,0.6432,0.6132,0.6302,0.5534,0.6754,0.6663,0.5881,0.6041,0.7624,0.7282,0.7400,0.7597,0.7059,0.8313,0.8449,0.8536,0.7050,0.5717,0.6756,0.8310,0.6712,0.6682,0.7148,0.7610,0.6992,0.6960,0.6245
0.3020,0.2154,0.2425,0.1809,0.1403,0.2381,0.1766,0.1495,0.4085,0.4057,0.3622,0.3061,0.3340,0.1838,0.3162,0.4378,0.4266,0.4356,0.4764,0.5834,0.5379,0.5015,0.4257,0.6523,0.5463,0.5812,0.5542,0.5288,0.5959,0.6008,0.3764,0.6014,0.5367,0.6111,0.6295,0.6698,0.6139,0.4507,0.3459,0.3631,0.3824,0.3548,0.5600,0.6585,0.5452,0.5501,0.6389,0.5895,0.5590,0.6448,0.6205,0.4814,0.5940,0.6711,0.8165,0.7184,0.6616,0.7117,0.6776,0.6893,0.7264,0.7748,0.8722,0.8515,0.6351,0.8454,0.9149,0.8178,1.1121,1.0036,1.0792,1.0969,1.1084,1.1316,1.0744,1.0950,0.9397,1.0283,0.8958,0.9075,0.9399,0.9068,0.9378,0.8512,0.8948,0.6886,0.5698,0.6218,0.6384,0.5209,0.3810,0.5734,0.5188,0.4667,0.4629,0.5202
34.5585,33.1743,30.9698,31.0141,30.2768,28.9599,28.7026,27.2616,28.3276,28.8050,28.9973,26.9958,27.5170,27.0422,26.4969,29.5315,28.3223,26.7526,28.2213,25.8801,26.6595,27.0053,26.9384,26.5339,24.5812,25.1182,24.9884,24.5903,27.1357,25.1896,22.1213,23.3636,22.4791,24.6587,23.8793,23.4157,24.5157,23.9397,24.5362,23.5897,20.1064,21.9544,23.3458,24.6383,23.1239,21.9274,21.9552,21.0616,19.7679,21.6132,19.0380,21.1165,20.5252,20.4282,21.1590,17.9400,21.6820,19.1673,19.5272,18.2303,19.3640,17.5591,18.5928,17.7471,16.3847,16.4381,16.0926,16.6831,18.4207,18.0380,19.1404,19.1333,18.5637,17.9655,16.6072,16.7672,15.2563,17.4441,17.2391,16.0846,16.2509,13.6431,18.5366,18.2745,18.3976,15.0643,10.4439,10.6564,12.7634,11.8848,7.9375,12.6165,11.6187,10.6926,12.0580,11.0181
23.1948,21.7688,21.7215,21.8016,21.1070,20.8424,19.7013,18.2877,21.2208,21.4518,20.2961,18.0021,20.9748,16.7291,17.8908,20.4713,21.1084,20.3778,22.1698,20.2539,20.4128,21.2505,20.8300,20.2704,18.4219,20.5199,19.7142,18.7542,21.5853,20.3779,17.9889,19.4105,19.8957,22.5485,21.7547,21.0427,18.2856,14.8084,14.8611,15.0526,11.9207,13.4230,16.5879,17.6602,15.9808,15.7698,16.1783,13.7174,12.2865,15.5813,14.1684,13.3718,14.2815,16.2826,16.8422,15.0661,14.5738,15.2530,14.6278,12.3052,13.5946,12.9517,15.5191,13.4343,10.9555,13.3372,12.3015,13.9784,15.7257,13.5538,15.7845,15.3286,18.0109,17.0538,14.9988,17.5954,16.4664,17.1125,17.9432,13.6823,14.5388,15.6520,17.0741,14.9081,15.9593,12.1451,7.4180,8.6579,10.7196,9.4166,9.1087,9.1786,8.4731,8.7940,10.3442,9.7097
57.6400,56.3029,56.8435,56.3287,54.8190,52.2255,50.1834,47.2633,48.9317,47.4286,46.9826,44.2223,45.8899,41.5928,42.6814,42.8589,40.9530,39.7851,41.9310,40.3650,38.4751,38.2188,39.2121,37.3046,36.3269,36.9096,38.3723,37.4854,36.8926,36.2695,34.6550,36.4975,35.3041,37.1194,36.3355,36.1532,31.1710,31.7297,28.7471,26.3001,25.6669,27.3649,28.8032,32.5125,29.6862,31.2743,30.2293,28.8242,28.0764,28.3618,30.6160,29.5006,27.7173,29.2223,31.5926,30.5046,27.4943,27.3767,25.8067,24.2580,25.3474,25.7138,26.1449,27.3029,25.4770,28.5427,24.0343,25.0852,26.4147,29.2159,26.7725,26.2647,26.9232,27.0472,24.8784,27.9625,25.4415,24.6943,25.7436,22.6938,19.5059,19.5295,23.4797,24.5223,21.3332,16.3845,14.4168,13.8728,21.7319,19.0000,19.0766,18.9444,15.1988,16.8061,18.8512,18.9156
62.3131,63.6650,61.4259,62.7276,61.7163,59.5830,56.2248,53.1284,54.4800,53.3701,53.0088,52.2037,54.5641,47.4404,51.7212,49.0730,47.4220,43.6284,46.6734,44.1123,45.1738,45.1708,44.3965,42.5814,39.2037,40.8813,40.1984,39.3760,42.2693,41.2959,42.0826,42.0463,40.8565,40.5578,41.1756,42.3758,39.9237,39.5558,40.4442,36.5720,38.4467,38.5867,39.2443,37.4955,35.8618,37.1917,35.2383,32.9356,30.2655,31.2352,28.9712,29.6700,26.9745,29.2499,31.0432,31.5953,31.0781,28.6424,28.8861,26.0397,26.0908,26.8055,25.4472,27.9317,25.4433,26.2813,24.4543,22.1974,24.2959,26.3585,20.6654,22.7683,26.9216,23.9964,22.4209,26.4089,24.1512,20.2232,28.2286,21.9459,22.2664,22.2137,25.5475,24.9410,23.6630,20.8416,18.2496,16.1068,21.2444,20.9930,17.6252,17.7826,11.7690,19.2158,17.1041,17.3242
11.7181,13.5647,11.4928,13.4191,8.9375,12.2350,9.9487,8.9507,9.4935,10.5811,8.4618,11.9424,10.7741,11.3764,13.6018,11.1623,10.9537,13.0696,13.8538,10.2640,12.5294,11.4690,12.6474,11.1296,11.6697,11.0939,13.9718,11.6817,11.0191,12.7274,14.9889,13.7827,17.3815,14.6193,14.8305,16.8702,14.5998,16.0633,14.3926,15.1047,15.1698,17.2409,16.2519,17.2250,15.9992,17.7117,16.2033,15.8685,15.2660,15.6359,16.5083,14.7162,15.8317,16.7153,14.7789,18.7121,14.8694,14.9403,15.9481,14.9465,15.8183,16.0172,17.9302,16.9764,14.6175,19.4805,18.0836,18.0379,19.8168,19.9058,18.7042,17.4712,16.0551,19.2134,17.9477,18.4402,20.3378,15.2696,18.7905,15.2812,16.2236,17.2619,18.0906,18.1513,14.6895,15.6015,17.6982,17.3389,18.4281,14.1212,17.2978,12.1367,13.6141,14.7317,14.8037,17.0719
8.9656,8.0171,8.1626,8.4379,6.8624,7.4367,8.2396,5.9767,6.9827,8.6026,7.5212,8.0487,9.3551,7.3210,11.7524,8.7152,10.0680,10.4181,9.8485,10.0512,11.9008,9.6162,11.5809,10.8444,11.6978,11.0284,11.1699,9.6713,9.6768,11.2071,11.3269,12.6541,15.4733,12.8897,14.3209,16.5329,15.1708,13.5118,10.7222,11.3480,11.5074,13.3277,14.8265,15.1110,13.4104,15.4053,14.7054,13.4091,12.9193,11.8773,13.7568,11.4503,11.5484,10.8116,10.8088,12.8536,8.7221,11.4327,10.9002,12.5124,11.6020,11.1066,12.0131,12.6421,9.8020,13.7989,13.1761,12.5320,14.5857,14.7652,12.3562,13.0914,12.1688,13.8749,12.5092,13.0087,13.1999,12.0719,14.2847,12.5928,13.0972,12.7481,13.8862,14.3701,10.8617,9.9918,12.2389,13.5086,17.7786,13.8395,14.4718,13.3383,11.7381,11.8032,11.7176,13.2268
6.1595,5.0442,4.2943,5.2775,3.6891,2.8404,4.4106,2.2030,3.6967,4.9698,4.2647,3.9745,4.5367,3.0107,5.9814,4.6376,6.4984,7.4805,5.8699,5.4009,7.2285,4.1699,6.6088,5.6749,6.0862,5.4547,5.6793,3.5575,4.7613,6.1939,4.8646,6.3087,7.9368,6.8173,7.7513,8.9797,6.9161,6.2789,3.4461,3.8879,3.6403,4.4507,8.1014,7.8864,8.4684,9.0812,9.0313,6.9572,5.9963,5.6290,8.5267,5.2093,3.6219,4.3574,5.2873,7.2270,2.4731,3.6035,3.8354,5.0618,4.2265,5.0469,7.4021,6.5202,3.9364,8.5677,6.9010,6.6922,8.2224,8.2732,7.2699,7.1446,6.8303,9.0290,7.8455,9.0472,9.7982,6.8854,9.7180,8.7125,7.4354,8.5315,7.6624,9.3845,7.5284,5.3846,6.3160,6.1041,12.0750,7.1346,6.9306,8.0652,6.8123,7.3598,7.5720,8.9564
3.1156,2.0224,2.5312,1.9338,1.6613,1.0482,1.7618,1.6002,3.0744,3.9466,4.7600,3.6693,5.3792,3.6353,5.0227,5.3156,5.6959,6.5802,4.2713,4.9470,4.0223,3.7140,5.0380,5.4243,6.7603,4.9326,4.5005,5.0660,5.2629,5.4577,2.7635,5.9814,5.6770,6.1984,6.5676,7.3862,5.5643,4.9309,2.7255,2.7900,3.3358,4.0689,7.0128,8.6009,6.2674,6.1799,6.0972,5.9103,6.7236,6.9489,7.8877,6.6361,5.0183,5.9660,6.2836,6.7734,5.7689,6.2160,6.8912,6.9997,8.6287,7.9599,9.0847,9.7756,7.9094,10.9752,8.4076,8.8474,11.2350,11.2288,10.3522,10.4376,9.8355,10.5900,10.3251,9.5431,9.0355,10.4237,9.7764,9.6011,9.0121,8.2429,10.6194,10.3712,12.5999,8.9849,6.9120,9.2583,13.5946,9.8981,8.0432,10.2986,12.1526,9.6696,10.9364,10.5671
12.4080,11.6682,11.2746,11.4847,11.6125,10.9432,11.1619,10.5646,11.8082,11.9268,12.0020,10.2839,11.2780,10.4119,10.4318,11.6421,12.0257,11.1919,12.1814,11.8769,11.4089,11.5931,11.4143,11.7749,11.1445,11.5282,11.1204,11.1113,11.8310,11.5692,9.3955,10.4535,10.1396,11.4125,11.0258,10.8163,10.3836,9.3420,9.2277,8.6037,7.8238,8.5916,9.5586,9.9733,9.8529,9.2136,9.9493,8.9251,8.5304,9.2532,8.6490,8.1505,9.0422,8.9237,9.6597,7.8356,8.7699,9.0629,8.3320,7.7049,8.2328,8.0883,8.2022,8.3219,7.2382,8.1685,7.6670,8.4637,9.3025,8.7549,9.5104,8.8514,8.7932,8.7256,7.8667,7.6553,7.0582,8.3138,7.7622,7.3940,7.8390,7.5848,8.5079,7.4726,7.8798,5.9587,3.8446,4.4832,5.1750,4.6762,3.9249,5.3780,4.9649,4.5932,5.7917,5.3844
10.4090,9.9753,10.2280,9.7143,9.5542,9.3144,9.2489,9.0016,9.9655,9.8501,9.6313,9.2062,9.7047,8.6266,8.8538,9.1853,9.3075,9.6323,9.6374,9.5263,8.9033,8.6457,9.4252,9.6781,9.0214,8.9591,9.3386,9.0702,8.5439,8.8865,7.3747,8.6780,7.9916,8.3787,8.7517,8.6634,7.8558,7.8432,6.9323,7.0760,6.9661,7.4877,8.5801,9.5470,8.7415,8.2866,8.5589,7.9058,7.9004,8.3703,8.6940,7.9053,7.9481,8.1219,9.2598,8.0742,7.3082,6.8364,7.1257,6.8564,7.8407,7.2201,8.0583,8.1610,7.3188,8.9337,7.9338,8.0078,8.5043,9.2778,9.0162,8.6346,9.1444,9.5820,8.9650,8.8124,8.2046,8.7185,8.3237,8.0812,7.5669,7.1839,7.8282,8.4016,8.3058,7.2533,5.6431,6.7827,7.9282,6.4309,6.1929,6.7039,6.8072,6.0093,6.4345,6.2732
2.6226,2.2262,2.3274,2.1321,1.9594,2.3523,2.3217,1.8902,2.7608,2.8188,2.6079,2.5391,3.1459,2.2899,3.4105,3.2268,3.3160,3.3082,2.9297,3.0639,2.8687,2.5992,3.0281,3.2674,3.2984,3.3673,3.2517,3.2197,3.0224,3.3180,2.5452,3.5107,3.3998,3.4330,3.8098,4.1985,3.6220,3.5540,2.8480,2.7178,3.0445,3.1079,3.9742,4.4267,3.5352,3.7579,3.9246,3.4691,3.3614,3.0977,3.1709,2.9121,3.3596,2.8515,3.3133,3.2688,2.8014,3.4225,3.0738,3.7220,3.4886,3.4377,3.5983,4.0977,3.5140,4.6384,4.1766,3.9849,4.7745,4.9827,4.7425,4.9596,4.6541,4.9840,4.8117,4.4687,4.6328,5.1794,4.9727,4.6793,4.7444,4.7328,4.8661,5.1773,5.1139,3.7669,3.6497,4.3186,5.1762,4.0648,3.8144,3.6965,4.2444,3.9720,4.1337,3.9710
2.3672,1.9609,1.8728,1.9811,1.5078,1.6322,1.8144,1.4710,1.9129,2.3790,2.2328,1.9648,2.0220,1.7554,2.3561,2.3730,2.5417,2.7462,2.4834,2.4103,2.4556,1.8734,2.5302,2.6237,2.4870,2.5506,2.5030,1.9673,2.0138,2.4780,2.0139,2.8473,2.6454,2.6187,2.9129,3.1581,2.9270,2.7526,1.8082,2.2790,2.1491,2.2067,3.3056,3.4036,3.1170,3.1499,3.1041,2.6308,2.4188,2.6605,3.1960,2.4930,2.3043,2.3528,2.7327,2.8289,1.8801,2.1150,2.0998,2.3031,2.3737,2.2564,3.2199,3.1603,2.5095,3.5659,3.1516,3.2212,3.7865,3.7021,3.6823,3.6133,3.8592,4.4548,4.0179,3.8708,3.9695,3.9651,3.6132,3.8388,3.6665,3.5321,3.4931,3.6853,3.6838,2.7617,2.7020,2.8901,3.9252,3.0628,2.4889,3.3965,3.4229,3.3119,3.4875,3.5258
1.4558,1.2198,1.3256,1.3502,1.2753,1.1677,1.3674,1.0196,1.2844,1.6727,1.5696,1.6044,1.7482,1.4790,1.7062,1.6837,1.9673,2.1906,1.7547,1.9128,1.9216,1.5902,1.8315,1.7563,2.1077,1.7591,1.4619,1.5601,1.5962,1.8483,1.4535,1.8821,1.8313,1.7920,1.9983,2.2834,1.8049,1.6955,1.2354,1.3521,1.3763,1.4216,2.1967,2.2357,2.1657,2.1324,2.2481,2.1183,1.9161,1.8758,2.3034,1.9754,1.7559,1.7842,2.0367,2.3221,1.6330,2.0031,2.0297,2.3895,2.2390,2.1947,2.4232,2.5494,2.2054,2.8166,2.4102,2.4225,2.7177,2.8992,2.5536,2.5701,2.4559,2.6759,2.2329,2.2908,2.2518,2.2412,2.3135,2.0125,2.0444,2.1975,2.0722,2.2010,2.1576,1.6979,1.6237,1.6842,2.5955,1.9520,1.9366,2.0214,2.0215,1.9364,1.9617,1.9958
47.5107,44.8444,43.0671,41.2667,40.8925,39.6495,38.7738,37.7224,40.0902,39.2817,38.4236,35.1389,36.0743,36.0016,34.2780,38.2946,36.6763,36.3635,37.0205,35.2284,37.7286,36.9214,34.4845,36.5328,32.0368,33.3576,33.3143,35.1735,35.6602,33.0527,29.1081,30.5915,30.2840,31.6572,29.9485,29.4638,30.0728,29.0987,29.3899,27.8109,24.9173,27.6094,29.2763,31.5390,29.5909,27.9654,28.4230,28.2087,25.6299,28.5979,27.1814,28.9591,28.7617,29.1004,31.1043,26.8751,29.5675,25.4402,27.3692,25.2300,26.1028,24.2854,27.0672,25.2611,23.0775,22.7264,22.2274,21.4133,25.0874,24.9027,26.9703,25.8701,26.1636,24.9860,23.4575,25.8994,21.9765,25.5220,23.1530,20.6500,20.5952,16.8877,21.1213,22.3631,23.1828,19.3490,14.0928,15.3082,17.9704,17.9546,12.6313,20.0658,18.0663,17.6006,16.9578,16.7303
55.6488,53.8872,52.4138,53.8577,50.6814,49.9380,46.7645,43.8553,42.6289,43.0512,45.3696,41.9954,44.5674,41.1210,41.7233,42.5007,41.6009,40.2978,42.0177,39.1831,37.1196,37.9575,36.6114,36.4907,34.6946,35.9269,35.2720,33.6600,35.0820,34.1969,31.1063,33.9929,31.5422,35.4105,34.6014,33.4174,29.6455,28.1195,27.2817,24.4508,22.7023,24.3336,26.8762,29.0540,28.9086,29.0621,25.8738,23.9391,24.0140,25.1120,24.5745,23.6742,23.1813,23.1524,25.7633,23.8077,24.7349,22.4621,21.6457,19.6245,21.7529,21.5960,24.3517,24.8536,24.4980,26.5034,21.2416,23.6936,22.9717,22.9076,21.0524,22.5722,23.0166,19.8583,18.2784,21.2442,22.5876,19.5478,23.8914,21.2342,19.3994,19.3146,23.2739,21.9795,22.2383,16.5686,12.6835,12.1497,19.2128,15.4534,13.8310,13.4857,14.8640,17.1297,19.0215,16.0799
48.5690,49.1318,48.1675,48.2320,44.8533,44.2173,42.6801,39.0107,38.9643,38.9854,38.2329,38.2479,40.6255,38.8639,41.0363,38.6258,38.9090,37.9220,39.4131,35.9800,35.5178,35.6824,35.9414,34.8696,33.5735,33.0553,34.3348,31.6623,31.1949,32.7503,32.8595,34.5289,31.7540,33.3072,30.5558,31.2976,31.3982,29.1753,26.7389,23.6454,25.4029,27.9487,28.2636,28.6720,26.1561,26.8742,26.0469,25.1596,23.0853,23.9827,23.8007,22.9001,24.4025,22.5222,25.3191,24.6428,22.8485,19.9819,20.7854,20.9125,23.4158,23.1909,22.9499,26.0357,21.5416,26.1615,21.8812,20.6447,22.3518,23.7125,18.7982,20.3733,20.3670,18.8521,17.2929,19.7195,20.6562,18.5627,22.9897,17.2441,18.4865,15.0882,19.5965,20.7966,21.4674,16.3804,12.9638,15.5120,19.8979,17.0468,16.1519,17.6849,15.4695,18.2308,17.5328,16.6893
11.0450,9.7121,9.2933,10.1176,6.8347,9.0514,8.2908,6.4128,8.8493,9.0652,8.3151,7.6003,8.9534,7.4823,10.2282,8.0435,9.3847,10.1411,9.9715,8.3367,10.0672,7.2316,9.9027,9.9484,9.1033,8.9963,11.1540,8.6681,8.7200,10.8043,10.9926,11.7292,13.4237,10.8345,12.1386,13.5254,12.3434,12.1860,9.7661,11.0176,10.6758,11.4806,12.9748,13.5544,12.8072,13.6091,12.8168,10.4885,11.0051,10.1458,11.3213,8.4211,8.5942,8.1333,8.6587,8.7689,6.8954,7.3343,6.4420,8.5908,6.9589,7.3404,9.6435,9.2139,6.8111,11.2195,9.9423,10.8688,13.7977,12.5246,10.6789,10.8708,11.1233,12.7723,12.1630,11.3462,13.3408,11.3742,13.0536,10.1995,11.2988,11.8559,11.5469,12.9576,10.7558,9.2210,10.8845,11.3480,14.8496,9.8321,10.6534,9.5226,10.0217,10.7129,10.9037,12.7388
8.2462,7.9125,7.3445,7.7128,6.4166,6.3188,7.3659,5.6802,6.7469,8.3654,7.8000,7.8124,8.1844,7.2767,10.4617,8.6410,9.5605,10.1861,9.0120,8.8540,10.8201,8.3094,9.9664,9.5215,10.8061,9.3083,8.8681,8.0987,9.2917,10.1471,9.6336,10.2881,12.5741,10.4286,11.0284,12.8581,11.2862,9.9336,7.6101,7.5280,7.9385,9.2301,10.6676,11.0505,10.6904,11.6901,10.8704,9.6425,9.7281,8.6445,10.6931,7.8939,7.1788,6.8884,7.4471,9.8370,5.5172,7.8471,7.9706,9.2978,8.2937,8.6289,9.5458,10.2609,8.4192,11.3553,10.5315,10.1087,12.3215,12.6009,11.3947,11.3564,10.0253,12.9326,12.0528,12.7964,12.9083,11.4724,13.0434,11.6953,11.8687,11.8891,11.8077,12.6093,10.1641,9.4082,11.1280,11.6672,15.6448,12.0910,11.3290,12.3024,10.8688,11.0895,10.9383,12.4438
8.4819,7.4713,6.7520,7.1971,6.8162,6.2912,7.1920,6.5382,7.2183,8.3861,8.6527,7.6233,8.1028,7.8029,8.3533,8.8142,9.5448,9.9072,8.1292,8.5641,8.8640,7.0823,8.3268,7.9088,9.2279,7.4905,6.7254,6.3497,7.9014,8.2823,6.6001,7.8141,8.3620,7.4330,8.3682,9.3325,8.0111,6.9041,4.8312,4.4920,4.9929,5.6165,7.7931,9.2574,8.6639,7.8060,8.7390,8.3929,7.7873,8.5787,10.4539,7.1195,5.8825,6.1842,7.6403,8.6813,6.0316,7.2446,6.8948,8.5297,8.7430,8.9296,10.3695,10.6173,8.2511,11.5208,10.1672,9.8669,12.2918,11.8034,12.5562,12.3421,11.9987,14.0926,12.7788,13.1649,12.4093,12.4219,12.3678,12.5440,11.6010,11.6920,11.5360,11.7165,12.9047,9.9936,9.2025,9.4219,13.9396,11.5320,9.9317,13.1637,13.6424,12.3295,12.3445,13.5982
71.0726,67.9860,69.7123,68.1257,70.9099,65.4095,63.9878,59.8075,59.1341,62.2365,66.0492,61.5864,65.4452,60.3680,61.5305,63.3988,61.9450,60.1622,61.0358,60.3494,58.1176,58.5554,55.5953,57.4737,54.8142,56.6164,50.1669,49.9447,54.7521,50.8277,45.5810,49.6957,47.0037,50.1644,48.9355,46.5481,44.2894,41.1600,40.8007,35.4607,32.9705,36.9139,41.3495,43.3763,42.1478,40.7664,38.6572,35.0839,36.1072,36.5646,35.3965,38.4388,33.9357,37.5679,38.4202,39.0065,40.0657,35.1895,36.4288,33.0818,38.9491,34.0325,35.3852,35.9715,34.2765,36.0951,27.5196,29.2578,27.8898,27.6024,23.0201,22.8154,28.6659,23.2862,20.7350,23.4064,23.8817,22.6291,29.2532,24.7597,24.6338,23.1951,29.2026,26.5330,29.3123,23.1918,18.6405,19.3609,24.8334,23.9674,19.9818,19.3510,19.8338,21.7092,21.8759,18.4165
7.0743,6.5927,6.6448,6.6710,4.7223,6.6961,5.3422,3.2611,5.5970,6.0265,5.1505,5.6681,7.1922,5.2466,8.2108,7.3697,8.2137,9.5577,9.3488,7.3086,7.9263,7.0150,7.2127,8.1957,6.5048,6.9382,8.6612,6.4712,6.4882,8.0965,5.5622,8.4031,7.7694,9.0275,9.6003,10.5130,7.0458,7.8739,5.8817,6.0291,5.9858,7.7913,12.0393,12.2693,10.4368,10.5023,11.7647,8.5945,8.3893,7.5513,10.0012,7.2629,7.9845,7.9530,8.6228,8.9030,5.5387,6.2504,4.4121,6.4201,7.9034,7.3809,8.9371,8.3338,5.3549,10.4512,6.9922,6.9762,9.4335,7.8547,6.1540,6.6678,6.5155,7.4600,7.2224,6.5561,8.2375,6.6534,10.0576,6.0211,6.0382,7.9890,8.8446,10.0986,10.8773,6.2246,5.2520,7.6607,11.3943,4.6749,6.4982,4.2961,4.9969,4.7396,6.2328,6.6985
14.9577,13.2471,13.7938,13.8850,11.6961,12.4696,12.5606,10.6186,13.0464,13.7212,13.2715,12.7496,14.9420,12.0731,16.1526,13.6974,15.4817,16.1097,15.3751,14.7755,15.9316,13.6403,15.0757,16.1355,14.6360,15.4142,15.7647,12.4878,13.8589,14.7244,12.9571,15.8456,17.3316,16.1465,17.9364,18.7699,17.1255,16.0183,12.8072,14.2408,14.1894,15.3416,17.7007,18.4134,16.7492,18.8219,17.8933,15.5804,15.1092,15.4429,15.7530,13.6870,14.9995,13.1416,14.7197,14.8081,11.6039,13.3769,12.1130,15.1752,12.6943,13.5515,15.2407,14.1435,11.8924,14.9058,13.8083,13.5600,16.2557,15.4424,13.6835,13.9688,13.6897,14.8891,12.6152,12.4543,14.2799,13.7440,14.2279,13.0377,13.1545,13.5400,14.1610,14.5631,10.7791,9.3181,9.8780,10.8665,14.9826,10.7827,11.1756,10.3612,9.1345,9.2030,10.2552,10.9321
9.5101,8.7838,8.6018,9.1946,8.7834,7.5798,8.6357,6.5022,8.0019,9.4965,9.3020,9.4511,9.9103,8.8760,11.2924,10.2587,12.2348,12.9379,11.8633,11.2346,12.3347,9.3443,11.5904,10.1740,11.3571,10.8821,10.5144,8.6340,9.0797,10.6972,10.6764,12.2117,13.4770,11.4824,12.2378,13.6857,11.3554,10.3941,8.1696,8.5037,8.7839,9.1815,12.1082,12.1785,12.4868,13.1883,12.9937,11.9555,11.6919,10.9445,13.8127,10.9005,9.0920,10.6418,11.7365,13.8869,9.1467,11.1777,12.3026,12.9208,12.2673,13.3298,15.8807,14.4610,12.7610,17.6719,15.4166,15.5188,17.0374,16.7182,15.1667,15.1500,13.9962,15.8164,13.7922,15.4083,15.2822,12.3745,15.1594,13.1312,13.4569,13.3503,11.8158,13.3104,10.5483,10.6616,10.9201,9.7245,15.4575,11.6841,11.5964,10.8706,10.3623,11.0609,11.0351,11.8670
