34.5776,22.5690,19.8621,23.2502,26.2400,25.1059,26.7862,33.3288,40.3289,56.4803,65.5198,67.6132,70.6470,75.0533,72.1219,66.8512,56.7062,55.4084,55.8632,52.9421,51.6927,55.0218,57.7349,56.5608,51.9427,52.4310,55.0209,56.3591,56.2266,66.1205,66.2114,53.6937,45.7691,43.2800,42.0611,40.5621,41.0359,44.6019,41.4826,42.3619,43.7419,43.2181,39.6865,34.3847,34.0120,37.1629,36.9742,32.5987,28.6779,25.6697,25.6850,23.0922,20.8861,18.7578,20.6735,21.0005,21.3255,21.1027,17.2343,15.8560,15.7639,15.4500,14.6736,13.9139,13.1421,11.8314,9.7423,7.4850,6.3239,6.0450,5.2222,4.8584,5.2477,4.7512,4.3720,4.5034,3.3368,3.9230,3.8169,4.2459,3.8407,3.2010,3.6537,3.0758,3.3642,3.0697,3.4673,4.2496,3.8587,4.5552,4.8628,4.3961,4.4230,4.1196,4.3041,4.0280
1.7164,2.0726,2.1619,2.1330,2.5126,2.5597,3.0654,3.2645,3.0832,3.2879,3.4612,3.3843,3.7666,3.5175,3.5148,3.2393,3.4369,2.5226,2.7376,2.6443,2.4785,2.8007,2.6212,3.2675,2.9764,2.4139,2.6799,2.7893,3.3717,2.8689,3.1874,3.5630,3.0350,2.6972,3.3243,3.1316,3.4903,3.3641,3.9426,3.6914,3.6509,3.3812,4.0882,3.7286,4.2221,3.4693,3.8117,3.9907,3.7977,4.1649,3.2085,3.2215,2.7045,3.7885,2.5846,2.5912,2.7636,3.0284,3.6539,4.3704,6.4199,11.3390,12.8939,12.3066,15.0767,22.8867,31.1041,42.3252,40.3648,41.3850,43.3418,41.6186,32.7828,29.3166,25.0473,24.0938,21.4782,20.4906,18.4004,15.8504,14.9344,13.0708,12.2591,11.5554,11.5836,10.2186,8.4968,6.8802,5.7029,4.9278,4.7944,3.7583,4.7669,3.9703,3.9854,3.6033
0.0445,0.3211,0.1089,0.4439,0.8754,1.4588,1.8831,1.9198,1.4777,1.9824,1.8418,2.3302,1.9050,1.6891,1.6265,1.3186,1.1117,1.0710,2.7314,5.3024,4.6118,2.2034,1.7646,1.8261,2.0771,1.6391,1.9180,1.9612,2.0559,1.7621,1.8536,2.2762,2.0826,1.7179,1.7978,1.6240,1.9469,1.6376,2.1061,2.4843,2.6688,2.0608,1.9853,2.1100,2.4480,1.9250,1.8547,2.4158,2.2740,2.9206,1.9882,2.3933,2.3640,3.6791,3.4609,6.7141,8.1761,9.6061,12.0280,13.1418,13.6315,15.2003,16.0239,17.1448,18.1412,20.6451,22.1836,26.3170,30.0161,28.6601,30.0066,31.0498,33.1747,34.6303,36.0884,33.9662,32.9811,30.8043,26.5207,24.2506,21.6673,19.2727,16.7137,14.2029,12.1456,10.5614,8.0647,5.0626,3.5536,3.7218,3.7567,3.6849,4.7557,4.0431,3.8171,4.3141
0.7323,0.9482,0.8225,0.7968,1.1584,1.7455,2.1712,2.0178,1.8843,2.1464,2.0071,1.8585,1.7765,2.1393,1.6897,1.2488,1.7160,1.0155,1.1648,1.7032,1.7578,1.6138,4.5205,9.2086,5.7092,5.4326,4.2851,2.8770,2.6353,2.9268,2.5142,2.6107,2.0280,1.7351,1.7465,1.3197,1.1426,1.4664,1.0578,1.2547,1.1680,1.4251,1.5929,1.7879,1.7065,1.2256,1.2349,1.3253,1.4544,1.5641,1.3292,1.7732,1.4456,2.3899,1.5167,1.4204,1.6103,1.6458,1.3038,1.2067,1.0191,1.8492,2.1103,1.5293,1.6583,1.6234,1.4706,1.7869,1.3062,1.0373,1.3261,1.6934,1.4589,1.3044,1.2458,1.5505,1.3877,1.6210,1.2214,1.4817,1.8020,1.8327,1.7764,1.6101,2.1277,1.7755,1.4925,1.6328,1.8307,1.7498,2.0302,1.9581,2.4187,1.5947,2.2272,2.3996
0.2247,0.0000,0.0000,0.0000,0.0000,0.0000,0.0000,0.0000,0.0000,0.0000,0.0000,0.0000,0.0000,0.0000,0.2202,1.4281,2.9922,4.6029,6.3941,8.2566,6.8824,10.8985,11.0785,9.8085,9.6432,11.5581,17.7163,21.6437,25.8967,34.2423,38.6794,34.1190,44.5420,56.1769,64.3703,67.8910,86.6554,89.5364,92.6427,91.7221,87.4053,81.7331,67.4120,61.3602,53.9238,47.8432,39.1436,38.6366,39.1738,40.6503,41.3549,42.7410,42.8737,45.5941,47.8920,46.0744,43.2483,42.9187,43.5851,43.4898,41.4071,41.9145,39.7122,40.7229,40.2882,38.9422,38.1389,36.9820,37.0224,38.0247,36.4658,36.3782,37.2830,37.4986,40.6254,39.4499,38.2385,38.2290,36.6082,36.8605,33.4929,34.8435,39.9416,44.3266,47.2948,44.9762,39.1355,37.3570,37.6895,36.1391,33.2443,36.7637,41.2676,48.6156,61.4242,57.2471
18.7471,18.0117,15.8986,13.6142,16.6221,24.3391,24.0552,22.6613,20.3925,18.5421,16.2365,11.4275,10.2451,9.6653,10.0877,10.4166,13.0382,12.6855,11.0076,8.9875,7.9513,7.7946,7.4677,7.8289,8.3903,9.6454,10.7422,10.8083,10.3176,10.8582,10.5543,9.7538,10.5272,9.3613,7.4936,8.2287,10.4536,12.6261,16.2921,23.2883,28.4534,28.3842,24.6827,21.6567,19.3068,16.8252,15.1460,14.0063,11.9657,10.0473,7.6697,5.6537,6.0829,7.4954,7.3586,5.9615,5.0137,4.0681,4.3216,6.0952,5.1673,6.3884,6.0772,7.2831,7.6171,6.2438,5.5275,5.2474,5.4815,5.7082,5.7423,5.8094,6.3856,6.1744,6.3327,6.3733,6.3799,5.9745,6.4677,7.8467,10.1973,17.0636,18.8989,14.7846,12.9226,12.2309,15.6257,17.9575,13.3645,9.9659,10.4974,8.8520,6.2265,4.9319,6.8283,9.4257
13.9149,13.5715,12.8317,10.5298,9.2264,8.1835,8.1121,8.9008,9.6719,9.9950,10.7452,11.0470,10.9221,12.0600,12.7567,14.3769,17.3019,19.2800,21.3140,20.3735,19.3596,17.8459,15.9092,16.3935,19.0904,20.5063,21.6219,22.5037,21.8020,21.4347,20.1726,19.3758,17.6670,16.7954,16.2306,14.4970,11.0869,11.1785,12.3229,13.4006,14.4210,14.2008,12.0923,10.8989,11.6201,10.9722,10.8485,9.3910,7.3283,5.5549,4.0930,2.3901,1.7045,1.1212,0.8055,0.8077,1.1726,1.1373,0.8393,0.6440,0.4638,0.4978,0.6077,0.2584,0.3424,0.2375,0.2598,0.0146,0.0704,0.3243,0.1421,0.2105,0.1974,0.1853,0.0899,0.0000,0.0000,0.1706,0.2264,0.2938,0.1113,0.2373,0.1580,0.0000,0.0796,0.0000,0.1037,0.3526,0.0674,0.0376,0.3372,0.0000,0.2351,0.4147,0.4302,0.2816
0.2176,0.4499,0.2530,0.3074,0.6123,0.9933,0.7327,1.0607,0.9506,0.9995,0.9823,1.1392,0.9154,0.7605,0.9327,0.6624,0.7411,0.6315,0.7099,0.5398,0.5322,0.8033,1.2962,1.5580,1.4886,1.0594,0.5370,0.7103,0.6074,0.5355,0.7166,0.8181,0.7413,0.5132,0.5647,0.5381,0.7182,0.9571,1.0903,0.5884,0.7489,0.2566,0.2799,0.2766,0.3606,0.1452,0.2695,0.3499,0.5439,0.8656,0.4127,1.4331,2.8217,6.6596,9.4736,12.3168,12.1683,12.8149,16.0511,17.2380,17.7361,18.7635,14.4896,10.8295,10.3751,10.6435,11.7240,11.9160,10.6277,10.1062,10.4001,11.4654,10.6315,9.0600,9.1612,8.6727,8.4452,9.6132,9.2579,9.9384,10.9712,8.7304,6.6843,5.3088,4.9678,3.7791,2.8961,1.5318,1.9574,1.5275,1.8424,1.6556,1.7115,1.3605,1.7096,1.3894
0.0193,0.4581,0.3412,0.3498,0.6210,0.8967,0.9447,0.8337,1.1776,1.9064,3.2729,4.9035,4.8549,3.3537,2.4826,1.7365,1.8194,1.5594,1.8718,2.3413,2.5185,2.3269,2.3661,2.5874,2.7878,3.4920,4.1593,3.3832,3.0271,3.4132,3.2383,3.2013,3.0799,2.9833,3.6815,3.3381,3.1817,2.4774,1.3776,0.7566,0.8675,0.8495,0.6737,0.9673,0.6899,0.8612,0.7791,1.1872,1.0101,2.6433,3.3502,3.7263,3.1541,4.4082,4.5562,4.2032,4.1029,4.2552,5.7746,8.9642,10.1886,10.9954,11.9496,12.9971,10.7483,6.9795,7.2130,7.6606,7.8962,8.1696,9.0890,9.9370,12.1229,11.7913,11.1766,9.4992,9.3597,8.5689,6.9352,4.8431,3.2988,1.3801,0.1206,0.1210,0.7259,0.7555,0.3750,0.2250,0.8213,1.1115,1.2827,2.1452,8.4669,11.5486,9.1268,8.1627
21.2166,15.2784,13.5812,15.6385,19.9959,23.4088,20.8025,24.2952,31.3832,35.6685,31.3181,27.8302,26.1402,21.1006,22.0167,26.7820,28.8377,31.5656,28.2943,26.4902,24.9928,23.4536,27.8035,35.0070,34.5452,32.3510,31.6800,29.2651,25.9756,24.2359,23.1231,21.9264,21.1503,20.2646,19.3671,21.5730,24.5892,27.8114,27.8114,31.8510,33.9798,35.6506,35.9721,34.3886,38.8585,44.3184,35.7027,29.9430,25.9303,24.7908,22.8188,18.0611,17.3410,19.5405,17.9786,18.0807,17.0340,13.0008,10.3638,10.6735,7.9518,9.1490,9.6157,14.0639,12.8613,12.5568,10.1556,9.8789,9.8743,12.4450,12.7711,13.7202,14.2269,15.1092,17.7288,22.7167,28.0692,28.6782,30.5923,34.6656,36.7269,37.7274,37.8463,38.8058,39.9239,45.3235,45.6270,43.3069,42.9526,46.8749,55.5147,63.3915,64.9904,63.0982,64.6685,66.1767
80.5894,68.7907,61.4608,57.7180,59.9900,58.1664,55.3739,56.4554,60.7405,57.6061,53.6998,52.7265,52.9224,52.1240,53.8636,53.6856,53.2806,53.4742,54.3233,58.6425,66.9498,66.9721,67.0599,70.4436,71.5026,71.1995,62.3074,53.2099,52.4758,64.1085,68.8813,66.4258,67.9767,66.2907,68.6322,69.5923,74.0743,77.0181,75.2606,78.6833,74.4441,51.2170,49.6830,65.9183,73.3439,71.1735,70.8191,68.1215,56.1036,52.4559,51.4024,46.4689,48.4482,55.0019,53.3948,54.3551,54.3141,49.4532,43.8218,39.9464,32.1952,27.5941,24.2645,29.5461,25.9119,27.5967,26.3231,25.9847,25.7919,26.3579,24.0114,24.0837,24.5318,24.5306,24.2949,23.5947,22.7645,23.7449,33.7656,50.1439,51.1866,56.4782,69.0317,75.6306,76.3506,70.4563,66.6791,56.2667,49.2583,48.0460,44.9149,55.7255,68.2374,76.4178,74.8229,71.0949
72.7803,66.2228,52.6864,39.3595,34.7574,33.6815,38.3184,44.0161,46.8458,42.2239,34.7834,33.4657,35.7308,41.0101,44.0974,52.0625,60.1034,55.8334,51.9220,41.0620,34.8362,38.0532,44.9519,54.6944,66.6573,74.4503,79.3422,76.2085,68.6475,65.2416,49.3611,34.9610,32.0961,37.5157,44.0700,36.4636,19.7122,16.9616,19.0813,15.0471,14.7083,15.4601,14.1873,19.3079,28.0693,29.2124,34.1038,35.7967,32.9717,27.7126,24.3663,27.3908,34.6772,30.3794,22.2660,20.8445,22.4227,20.0962,19.7458,17.7799,13.9031,13.3447,14.4405,14.1693,13.5636,13.6676,13.3926,14.6759,14.7214,15.0542,14.4271,16.7519,16.8134,14.9586,12.8263,16.7788,27.7619,39.1918,42.8106,47.9255,48.8247,40.6929,36.6117,33.1482,29.4580,24.4724,24.0763,26.1537,22.9770,23.4370,24.4607,23.0773,23.3268,30.1300,35.7258,36.7650
44.7473,47.8637,43.5966,36.7603,34.5093,31.3329,28.1559,27.1903,28.5359,30.4929,30.0012,27.0565,23.2430,21.0846,19.0388,14.8695,12.8624,11.0254,11.6850,11.9563,11.5969,11.3777,11.3244,14.6880,19.6741,25.2660,30.4634,34.1147,36.2758,36.5179,33.9426,27.7549,26.3597,23.6900,22.1451,19.7021,15.7971,14.3993,11.6491,9.6246,9.5489,10.0982,9.0621,9.1271,10.4001,8.4986,6.0761,3.1472,1.8090,1.2710,1.1658,1.0912,0.6978,1.3092,0.6720,0.9502,0.6369,1.7579,2.7001,2.4690,2.1833,1.6407,1.7599,0.9426,0.9992,1.2686,1.2365,0.9944,0.7114,0.5423,0.7240,2.7817,2.2922,2.4001,1.2819,0.1806,0.0679,0.5720,1.2410,0.6382,1.5165,1.4643,1.6924,1.8054,1.7876,0.9008,1.1384,1.6983,1.9458,1.3575,1.6312,0.7442,1.7589,1.6995,2.1543,3.8350
7.0813,7.6689,6.3298,4.9568,3.7248,3.9975,4.3870,4.7036,4.9039,4.7352,4.5950,4.3037,4.6244,4.4091,4.4823,3.5251,4.5675,3.6482,4.1966,4.2664,4.0415,3.5545,3.5122,3.9524,3.7375,3.2240,3.5323,3.7944,4.3011,3.1756,3.6227,4.7545,4.1273,3.5806,4.3712,4.2159,4.5603,4.4988,4.5005,3.9859,3.9096,4.1914,4.4664,4.5454,4.6537,4.4218,4.6270,4.7193,5.0952,4.9331,4.9935,5.4325,5.8041,7.3120,6.0132,5.6638,8.1633,15.3540,17.4348,20.1920,26.4269,26.2395,28.6214,25.3227,25.2518,25.0596,25.7498,26.3357,25.2548,23.5862,21.8210,19.6596,15.9795,14.6303,12.3899,11.0502,9.1574,7.4356,6.1631,5.8885,5.4780,4.1843,3.3938,3.4067,4.4216,3.6181,2.9083,2.4119,2.9030,2.7422,3.0072,2.4898,3.1771,2.3489,3.1069,2.6186
0.7575,2.2337,0.2156,0.2734,1.4404,7.8205,20.3330,28.5676,28.0676,27.7157,30.4665,28.0000,25.6722,22.3317,24.9144,25.3392,24.6650,24.2860,20.7174,18.1616,14.8992,12.0420,9.9760,10.7627,11.7144,9.9616,11.4332,11.4068,11.5685,12.7252,15.6385,14.8518,14.7253,17.5484,23.3154,25.5158,34.0446,32.0100,27.0615,25.0525,23.3763,20.6464,19.0822,17.1117,19.1955,26.0494,36.2672,42.8870,39.0058,33.1104,25.8494,20.7818,20.5756,25.0952,33.8788,33.5587,26.5494,17.6113,7.5843,4.1244,5.5257,10.0974,15.0271,18.5446,22.1352,32.0581,31.3097,30.5007,34.1401,32.4324,43.0936,66.0279,51.1203,55.8335,54.7537,47.5328,51.4475,58.0351,63.2421,53.4683,47.7932,42.1342,40.0874,33.2134,38.6939,46.3235,46.5889,41.0764,34.8220,30.8821,32.5551,30.9452,30.3845,30.0940,33.7874,37.8099
20.1933,18.6729,19.8431,16.1760,12.9722,11.5635,10.6071,11.5792,10.9855,9.8842,10.0640,11.8297,13.6054,15.4854,18.9678,20.1527,20.7858,21.6957,21.7810,21.0982,22.7449,34.6237,40.0822,35.0378,29.3985,23.8760,21.8351,19.6211,17.0338,18.7078,20.9014,22.5896,24.5585,28.6175,32.7477,28.5628,24.0943,17.9293,12.4476,11.0840,9.2708,9.1910,14.5846,22.0618,27.6332,31.1553,35.4089,31.3394,27.0281,23.2035,25.3410,31.3084,33.8228,36.3835,40.0510,47.8934,49.0810,42.4728,39.2473,36.3350,33.6885,32.4187,27.9893,26.1041,23.4897,23.7080,18.8936,17.7318,18.5527,18.4361,17.7306,19.1049,18.5181,19.1985,21.8907,27.9149,33.7297,46.2290,63.3219,76.6190,80.2864,78.9626,79.8516,79.8681,78.1481,73.9920,70.5780,60.8712,57.2487,54.7702,51.8664,47.9512,43.4587,41.0878,39.0198,36.8863
39.7046,40.8083,41.0108,42.0178,42.9862,46.0008,47.3622,47.1503,45.3929,45.7123,54.1040,60.1082,54.6023,43.6356,36.8677,33.1918,27.6314,23.4278,23.3282,21.3088,20.4104,21.9389,21.7259,24.7195,25.8051,25.3732,24.6245,25.9595,28.0401,30.4498,29.0172,29.3596,30.4241,29.3737,31.9658,32.6647,31.4945,35.1887,38.1665,44.6588,46.8577,50.6851,57.5465,60.9476,58.6867,59.6865,59.2081,57.7349,48.4477,41.8143,38.4592,32.6585,27.6863,24.4467,20.3205,17.3246,15.7284,13.0154,12.0580,12.7230,9.5799,8.3695,6.6609,8.2640,7.8491,8.6159,8.0207,6.4817,8.0854,7.0689,7.8145,6.8001,7.7386,7.7556,8.3729,7.5286,7.4842,6.1454,9.8855,13.7319,22.0861,45.7297,60.0008,64.6996,58.9133,39.4513,43.0821,54.8240,66.6324,76.5784,80.9102,73.6770,54.9876,56.0158,68.3881,71.8839
69.8830,73.6979,75.9230,78.5287,79.3804,79.7849,76.5348,72.7850,66.9575,63.0583,64.6889,65.5489,66.7708,60.8646,50.0170,46.6540,46.6087,42.3367,43.0839,44.9163,45.5455,44.6469,48.0181,52.2597,53.1043,49.4829,50.0480,48.2333,44.9427,50.1617,60.5809,66.9284,72.8156,75.7943,76.1876,78.3010,78.3507,80.6144,79.9777,81.0951,81.3857,79.3276,78.5847,75.8515,69.5958,59.8741,53.6600,51.2334,46.0573,41.6802,36.0935,32.8889,34.0245,30.4917,26.0654,25.0222,25.5593,24.8632,23.8847,24.1484,21.5168,21.9283,22.2043,21.2387,22.7098,22.8988,23.5925,23.0874,24.7086,25.3565,25.1876,26.5011,27.1106,27.1886,31.3028,37.5165,41.8254,48.7040,51.5940,48.9162,38.9631,28.4727,21.8199,17.1224,12.1039,10.0167,8.4995,9.8361,8.8983,7.8683,7.2661,6.3719,6.0786,6.7429,6.8370,8.2747
7.2418,6.8825,7.5411,7.7227,7.2424,6.7181,6.1556,6.6647,5.4885,3.6076,2.4891,2.2825,3.2850,3.3401,2.8539,1.8904,2.6708,1.9320,1.9847,2.0139,2.0818,1.8729,1.5359,1.8540,1.7948,1.1133,1.5679,1.2834,2.1388,1.7531,2.1079,2.4467,2.1115,1.9049,2.1713,2.3217,2.3867,2.4415,2.5515,2.3607,1.9916,2.4184,2.4541,2.5877,2.9132,2.6509,2.8707,2.7508,2.8456,2.9791,2.6977,2.9792,2.4180,3.2506,2.1454,1.9575,1.6786,2.1822,2.8061,3.1925,4.6490,5.2925,5.2265,4.8018,6.2948,7.2668,7.5469,7.8084,6.8505,6.2776,6.2231,6.0879,5.3388,4.7219,4.1808,4.2820,4.4077,4.5780,4.6474,4.5363,4.3530,3.7494,2.5256,2.2365,2.2395,2.0440,2.1845,1.5536,1.9469,1.9441,2.5892,3.7556,2.1456,1.1184,1.8336,1.9843
0.2871,1.1028,1.2384,1.3175,1.5177,2.1160,2.3835,2.7667,2.7019,2.6658,2.5520,2.5872,2.6197,2.4381,2.5609,1.4221,2.4297,1.6579,1.6737,1.4966,1.6941,1.5166,1.3396,1.6539,1.4835,0.9205,1.1905,2.3997,4.1392,3.7884,4.7406,6.9271,7.3843,6.5536,6.1398,4.4880,3.6927,3.4983,3.5095,2.5027,2.3692,2.5382,2.9638,3.1271,3.3741,3.1064,3.3112,3.2859,3.2702,3.6893,3.4197,3.9967,4.0637,5.6470,4.3477,6.3322,8.2510,10.9281,14.9934,15.5072,18.6141,21.1207,21.4969,20.3090,18.5785,20.7466,16.8870,13.2443,13.3428,11.7332,11.6549,11.1559,8.8236,6.3674,6.5688,5.6467,4.7101,3.5442,2.5844,2.7537,3.0465,2.4931,2.2117,1.8807,2.8008,2.2627,1.8185,1.4141,1.9097,1.6722,2.0585,1.6999,2.2254,1.5126,2.1995,1.8487
0.8687,1.9026,1.4470,1.2769,1.6511,1.6381,2.6987,2.7273,2.8287,2.6740,2.5382,2.6726,2.2525,1.8755,1.5533,1.5968,1.6117,1.4528,1.4637,1.6515,1.5726,1.9288,2.6824,3.0232,3.5038,2.4835,2.5846,2.6302,3.8871,2.4378,1.9373,2.9682,2.2931,1.5608,2.2982,1.7672,1.7745,2.0564,2.0345,2.8762,2.9322,3.1561,2.9025,3.7324,3.2830,2.9048,3.5928,4.3493,4.5581,4.7240,3.9090,4.7992,4.9315,6.9072,5.6222,8.0050,10.6750,13.7353,16.3296,17.8400,19.4844,25.9818,37.2440,42.3653,49.2541,50.9611,53.8253,53.6184,54.4714,52.2407,54.2750,51.3844,50.2535,47.2919,36.4677,28.2529,21.7733,17.1213,13.6434,12.7866,10.2531,9.4056,7.7576,7.3417,8.1566,8.2561,7.4715,6.4314,5.5811,8.0460,15.1322,26.3479,29.2297,27.9470,35.6704,39.3177
72.1618,82.0023,86.6850,82.9654,74.3038,73.9732,77.2049,77.9601,77.3725,71.4225,61.9185,54.6374,50.9080,50.7121,52.1651,52.9449,51.3987,49.0997,48.3237,44.1561,41.2359,40.3625,40.7374,39.7622,37.2412,35.4835,34.4990,29.8552,26.5124,27.8078,24.9271,22.8064,24.6160,26.0518,31.7388,39.6004,44.2859,47.5663,44.0354,47.7036,47.7642,36.3349,36.8712,39.6060,37.9828,27.3129,22.1589,18.6277,19.3975,23.9617,22.2865,16.3034,15.9019,16.1893,15.5422,15.1095,14.3696,10.1560,9.7594,10.5968,9.4001,10.6137,12.5100,15.2900,18.6667,18.5702,17.3346,15.7071,13.6260,10.1576,8.5830,7.1937,6.6286,6.7475,7.6045,5.3014,4.9878,4.3286,4.1427,3.6187,4.5016,3.0876,3.9404,3.5425,1.5061,0.8076,1.6595,2.1958,1.8850,1.5983,1.4076,1.1686,3.1416,7.0757,11.9956,12.0751
15.1001,15.1956,15.0109,12.7816,9.2755,8.8349,10.3282,13.3371,18.0123,22.1670,32.2478,41.9913,45.9008,42.5627,36.7866,35.0883,32.2163,29.2451,27.8788,25.9531,22.3571,20.3167,17.9530,21.0157,23.9206,23.9776,26.8657,32.8280,34.2793,35.5704,31.2595,29.5773,27.3116,27.1913,25.5105,24.1335,20.0509,20.1462,21.2559,20.8326,18.9367,18.3566,17.6790,18.8478,23.1870,24.6907,25.5269,27.2774,22.5675,17.5672,16.3519,13.5005,7.7641,4.6299,4.0999,3.4893,3.7485,3.1279,3.0060,2.8997,2.6091,2.2254,2.2083,1.8197,2.6230,2.4057,2.5240,1.2661,1.3195,2.5879,3.1915,2.3989,2.3642,2.2518,4.0287,5.0103,4.8352,5.6693,6.5284,7.9214,8.7287,8.6505,9.2843,11.2532,11.9484,10.1623,9.2870,9.0120,7.9164,8.7929,10.3681,8.8383,7.0892,5.3664,3.5563,2.8582
0.4585,0.8920,1.0234,1.1565,1.5958,1.1890,1.9852,2.2642,2.4115,1.9710,2.2949,2.6339,2.0396,1.8791,2.0673,1.8182,1.6499,1.7445,1.6812,2.5674,1.8852,2.2044,2.6687,2.7721,2.8373,2.4104,2.4089,2.4927,2.9219,1.4514,1.2183,2.8331,2.1312,1.7160,1.7277,1.1312,1.9033,2.0597,2.1239,3.2824,4.1178,4.0333,3.7808,4.4758,5.2237,4.3678,7.4260,9.6898,10.5602,8.8084,6.7247,6.0517,6.1957,8.5178,8.9793,10.2520,11.2679,12.0387,14.4798,18.1839,25.7653,34.8383,39.5323,46.7373,58.2073,58.7836,60.9325,65.8132,65.9680,64.5969,63.1083,63.8301,56.3131,49.7053,42.9792,39.6216,34.4653,29.5933,28.3112,28.1174,27.1088,26.1546,23.3365,20.7179,19.4718,16.6995,11.0184,9.2617,7.8487,8.7598,9.8543,8.7734,7.9631,6.9385,5.9795,5.1695
2.2474,2.5552,2.0243,2.1154,2.4321,3.1360,3.3356,3.6574,3.5704,3.6678,3.5489,3.7125,3.9672,4.0919,4.5017,4.0478,4.8023,4.1199,3.8125,3.9004,3.9187,3.7827,4.0203,4.0503,4.1053,3.7576,3.4775,2.9483,3.3806,3.4679,3.0518,2.9450,3.0967,2.8804,3.0166,2.6100,2.7680,2.5500,2.5520,2.8773,2.7197,2.1494,1.4998,2.0526,1.9103,1.5067,1.6393,1.7965,1.3322,2.0003,1.1622,1.7211,1.9216,2.3607,1.3315,1.8367,2.2613,2.4056,4.8285,6.6784,9.5632,16.6627,23.1659,28.4188,21.9744,18.5135,16.8862,15.7967,15.2549,14.9785,15.9829,17.2116,19.2973,20.8770,25.8924,25.1339,21.4430,17.9203,14.3301,14.3326,14.7130,12.3000,10.7885,11.4335,14.6015,16.3486,14.7355,14.4979,17.8627,20.1598,16.0074,11.8741,12.7350,13.0683,15.0431,13.7693
24.1878,23.0177,23.0124,23.8090,26.9357,35.2561,44.9631,46.5708,44.4924,45.1526,46.8777,51.8385,52.1233,52.3301,52.9357,51.6274,49.0252,42.7308,32.2853,23.7811,20.6745,23.5699,23.9342,22.5619,19.7115,19.2986,18.2758,17.0725,17.6999,19.9807,21.1299,22.9905,26.8606,25.4976,23.8004,23.1906,25.0324,30.1236,29.5009,25.7641,28.2078,23.0439,17.7399,20.9158,29.1457,26.4541,21.4229,17.4979,12.6766,10.8587,9.6199,6.9554,4.0919,2.4986,1.8684,1.5428,2.1080,1.2107,1.1466,0.8250,0.2790,0.5474,0.8472,0.3221,0.7787,1.3265,0.9991,0.2779,0.5501,0.2593,1.2034,2.5906,4.2641,4.0377,4.0498,3.5358,3.9315,5.2937,8.2558,10.6616,8.8821,7.3658,8.3465,10.8316,12.1938,12.1441,8.7702,6.4829,5.3000,3.0154,1.5829,1.3732,1.7435,1.9135,1.1172,1.6156
0.4083,1.5395,1.4762,1.5377,3.5018,7.2622,6.8199,4.0223,2.8047,2.6650,2.7556,2.5487,3.3791,3.3133,3.2658,3.1519,3.1817,3.5549,2.9948,2.9142,2.8852,3.7815,4.9262,5.8026,5.3690,5.0232,4.7087,3.8837,3.8086,3.8218,3.0444,3.4907,3.0841,2.9241,3.0664,3.0850,3.3748,2.3091,2.6848,3.4350,4.0891,4.0820,3.7797,3.8911,4.1031,4.4426,4.4554,5.4064,6.1302,6.6639,6.3031,7.0661,5.9037,6.5712,7.8594,10.2967,11.0045,11.3725,11.9613,11.4608,12.7962,14.8169,15.0371,19.6754,24.3172,27.6695,24.5379,25.1013,26.3837,31.1814,34.1783,39.0711,43.2747,46.1859,51.3929,56.8104,58.6189,57.6931,57.6146,58.0965,57.6057,57.2996,57.8216,58.2287,58.8734,55.2197,56.6368,55.0589,55.1197,56.0371,55.0142,55.6433,54.6672,52.6069,51.0488,48.8037
65.9340,62.5802,58.5968,53.1821,52.2770,68.9677,76.5496,74.8852,73.2487,71.6279,66.9716,54.2896,46.6964,44.3770,46.0687,52.8691,52.1173,55.9011,56.0578,55.2706,56.2774,59.7701,59.6865,62.6238,60.7059,63.1178,72.7677,77.8392,77.1145,79.3959,79.5209,77.4230,77.3493,78.7112,81.0739,79.0152,79.3480,81.2776,81.9707,83.6501,79.2239,73.4927,67.4840,50.5544,39.5993,33.1011,30.2940,29.8162,29.6109,30.0102,37.9843,48.8679,58.2427,59.1966,66.0957,61.1173,56.3791,58.6368,57.9930,62.9219,54.9028,39.1034,34.6747,41.4681,41.9453,44.5728,53.2264,57.5237,65.5181,67.9662,60.0805,47.8954,47.9383,51.4799,56.1262,49.5124,40.9589,46.4772,62.0454,68.1926,75.2503,81.2617,78.1424,82.6464,83.1847,81.2495,82.6933,82.9970,81.7306,82.8019,81.8596,82.5277,82.4473,91.3597,88.6662,74.4408
62.7210,48.0023,54.6071,69.4361,67.3732,62.2034,62.9508,66.4573,61.0232,59.7797,60.6536,67.6745,69.8230,71.8397,79.2746,85.7090,87.0373,85.4437,83.9736,81.6822,75.4735,73.0693,78.7863,76.0565,60.7569,56.6374,63.4469,71.3555,71.1397,71.8357,69.1211,54.8148,40.8188,30.9970,21.9407,22.0139,23.1769,24.3706,27.3111,34.6505,46.5621,48.8981,48.5379,53.0561,58.2867,58.5282,58.0858,52.3414,47.3033,50.3922,48.7143,51.2951,58.8913,62.9315,57.6040,46.3296,52.8177,65.3951,69.0209,60.0723,61.8839,65.5803,57.6074,60.8456,67.6945,65.2507,55.6082,51.7240,50.2141,46.4100,43.0135,44.4977,47.2628,43.6224,47.9277,54.3963,52.4977,55.1722,53.5814,51.3988,51.7677,51.4481,48.8674,58.2282,67.7396,68.1336,59.7679,48.2877,43.2240,49.5966,57.5955,60.8840,69.6509,76.0310,73.3297,60.1039
57.9077,57.8931,63.4133,68.5472,72.2200,79.1998,79.2710,77.3775,77.0795,81.7588,78.5952,70.8712,63.2996,58.1004,52.3186,46.0319,39.1281,38.2168,46.0807,52.3116,51.4723,51.8741,54.0631,60.5333,62.5924,54.3899,49.8883,45.8905,51.8788,56.6222,55.7957,57.5370,60.6389,59.3178,53.9129,52.1494,54.0771,57.3663,55.1946,55.1869,57.1458,45.7618,31.6074,32.0879,39.7417,36.6784,35.1869,30.8988,27.9205,32.3287,37.8099,36.9914,29.1325,18.7063,12.2178,9.6986,6.9259,6.4392,5.0085,5.5261,4.5886,6.3662,6.8408,6.7532,7.3067,7.7408,7.1121,11.9863,14.5423,13.2191,12.6583,13.2505,13.4500,17.2380,21.0293,26.6746,26.8312,26.4087,27.9903,24.3955,22.8353,19.4109,17.8155,17.3271,15.0351,14.8881,15.6701,17.1037,18.1293,18.7447,18.5559,17.6334,18.2912,19.6433,21.6838,29.9463
25.5990,21.9260,15.9392,18.0979,21.2389,24.6641,26.8081,25.7914,21.5769,21.1178,20.6113,22.0489,24.0290,19.8065,18.4120,14.3963,12.1009,10.5052,4.8568,4.1602,5.8115,6.7957,7.3732,9.5003,14.1167,25.4175,43.2189,45.3279,43.5990,43.9948,44.1792,36.2037,29.9041,26.9914,29.9371,29.3791,26.7687,24.7184,24.2846,23.9328,23.9929,20.1579,19.9410,20.6857,21.5868,22.3819,25.0672,30.0153,39.1199,41.2042,37.2621,36.2234,42.0941,58.5115,74.5079,77.8866,73.3866,71.5358,67.2941,67.4549,63.1598,58.1468,51.3815,46.9516,41.4242,38.8309,39.9720,45.2165,48.3822,46.7181,47.1183,52.2455,61.6706,78.5794,87.1333,88.9874,88.1934,88.2388,91.7869,94.4426,95.2510,93.1993,84.1993,84.2750,81.6590,78.2084,81.0271,79.2324,79.0624,76.7536,74.1314,78.6077,81.0283,79.4417,79.7173,79.0216
75.2609,75.8233,74.0915,72.1311,69.6237,70.6144,70.4314,69.3846,64.4331,51.4744,41.3095,38.0176,48.7018,60.4202,64.8528,63.2499,65.6759,69.4156,70.1697,68.8783,68.2109,68.0861,65.9367,61.4228,54.1113,52.2771,54.7142,51.9353,50.5797,48.5169,52.1848,53.6687,56.3292,54.5891,54.5943,53.7149,53.9714,55.3115,56.8262,57.4250,59.7405,61.5796,62.7155,63.2923,63.0352,61.4199,61.5009,60.8597,61.8121,66.5502,69.7233,69.6164,70.7630,68.9305,68.1472,70.5573,70.9012,68.1541,64.9262,64.8376,60.7099,61.2577,66.4583,66.3274,67.7944,73.0248,73.8689,73.9740,76.0065,77.6449,81.1728,77.9921,74.6950,74.0091,71.5634,61.5699,59.3101,52.8913,41.2837,38.2578,45.8502,34.8164,24.2651,33.9447,32.9856,33.5278,38.4650,29.4260,25.4396,26.9474,22.6778,22.6006,21.6927,16.5750,13.8853,9.9483
31.3091,30.9505,31.7808,32.6239,31.1564,29.7470,30.7138,29.4537,27.1504,25.0357,25.3404,23.9501,23.0745,21.1231,20.8413,19.2805,20.1445,20.5277,22.3629,22.4378,21.7768,21.1364,21.4843,22.8437,24.5362,24.8813,22.6096,19.3474,20.8069,20.5765,21.9424,23.2728,23.7835,24.2767,25.7537,24.1503,22.7674,22.1261,20.8681,20.7517,19.7229,20.1968,19.9676,20.8776,22.3376,20.6670,19.5805,18.3979,20.0565,18.9674,16.8563,13.5467,11.8425,14.6431,13.2901,11.8625,8.3903,5.9186,4.3692,3.3478,4.9954,5.0661,4.9650,4.1299,4.0750,3.5078,3.3443,2.9655,3.4040,2.2258,2.8607,3.3210,2.4836,2.3576,2.8332,1.9665,3.2804,6.4597,11.1030,11.0237,11.2014,9.7144,8.4654,7.4276,6.2947,5.2154,3.9248,3.9097,4.3624,2.9551,2.9428,1.6614,1.8564,1.4586,1.7373,1.8747
3.8192,4.8826,4.3420,4.5462,4.8967,5.6800,5.7622,6.2139,6.2687,6.1003,6.3699,6.0061,6.2088,5.9974,5.5695,4.9777,5.6876,4.5892,4.4856,4.7059,4.7102,4.6683,4.5741,4.7984,5.3272,4.5736,5.2867,5.5042,6.6447,7.5577,7.9339,6.7837,5.5897,5.5884,5.6838,5.9140,6.8434,6.9394,7.6723,7.8373,7.2193,6.6800,6.2908,5.8262,6.0926,5.8432,5.7098,6.7064,6.5523,6.6527,5.7193,6.2307,5.8793,7.2653,6.6651,8.1853,8.8471,11.2795,11.5554,11.5224,13.5360,15.9330,17.4447,18.1726,21.4114,22.0211,23.6748,26.4946,29.5149,29.0919,30.7792,31.4809,30.3523,30.5605,29.4535,28.0730,25.9295,24.8053,24.9767,22.8422,19.8527,16.6912,13.8138,12.2585,13.0528,12.1751,9.3746,8.1394,7.4809,6.9563,6.9555,7.2115,8.3344,8.0640,9.0905,8.9168
14.1690,23.6183,26.6140,21.1261,17.3843,16.8314,17.7504,14.6192,14.5139,16.6225,20.4655,26.7211,34.0312,25.8018,12.5891,9.0469,7.5559,5.4289,5.6217,5.5311,4.9120,3.9696,3.0082,3.4164,2.9224,2.6031,2.6286,1.6854,2.5506,2.2438,3.8862,4.2133,4.6845,2.2604,2.8598,3.3142,3.0948,2.6062,3.0023,2.7830,3.0658,3.1796,2.2520,1.8610,2.9634,2.2645,1.9930,2.8851,2.6888,3.1604,2.3807,2.5810,3.0597,3.5619,3.1017,3.1038,2.4966,2.9395,3.8064,2.7262,3.4997,4.5174,4.4669,3.0472,4.4399,7.6445,14.6619,20.4116,28.4039,28.5840,36.9963,47.0418,53.7875,59.4372,55.9062,58.5848,55.6972,47.3972,30.0669,24.0470,20.4001,16.4467,12.4598,10.8040,10.6022,6.6270,3.2536,0.8410,0.8629,1.3776,0.7393,0.2991,1.2376,0.0246,0.5458,1.0560
1.9798,2.2034,1.9164,1.7326,2.0043,2.2557,2.4593,2.4951,2.3919,2.2451,2.2238,2.1262,1.8141,2.6577,4.9942,5.6013,5.0335,5.6824,7.5635,6.1042,3.9960,5.0234,5.0880,8.5844,9.0509,6.9246,10.0219,12.5947,12.6749,10.3069,9.2032,8.2188,7.8318,6.7543,5.4007,3.2753,3.4295,3.7823,2.8117,2.4611,2.0228,2.6516,3.9723,3.9875,4.3099,3.9383,3.0382,2.8530,2.9420,2.9188,2.7253,3.1094,2.7461,3.3504,2.7098,2.7575,2.7773,3.0916,2.6616,2.4880,2.7227,3.1186,3.0755,2.6970,2.3970,2.5530,2.5634,2.9635,2.6911,2.1680,2.9025,2.8299,2.6146,2.4334,2.4394,2.3896,2.5553,2.7611,2.4815,2.5523,2.8470,3.8468,3.2086,2.7810,3.2428,2.6397,2.6588,2.6256,2.7718,2.5343,2.8357,2.6838,3.0923,2.4125,3.2869,3.1250
0.6475,0.0023,0.0000,0.0205,0.0573,0.1992,1.7789,4.1359,2.4894,0.4025,0.0000,0.0000,0.0000,0.0000,0.0000,0.0000,0.1823,0.0000,0.0000,0.0000,0.0058,0.0000,0.0000,0.0283,0.0000,0.0000,0.0000,0.0000,0.0000,0.0000,0.3119,0.5059,0.1108,0.0000,0.5068,0.6011,0.0000,0.0000,0.0000,0.0000,0.0000,0.0000,0.0000,0.0000,0.0000,0.0000,0.1512,0.0000,0.0000,0.0280,0.0000,0.0000,0.0000,0.1355,0.0000,0.0000,0.0000,0.0000,0.0000,0.0000,0.0000,0.0000,0.0000,0.0000,0.0000,0.0000,0.0000,0.0000,0.0000,0.0000,0.0000,0.0000,0.0000,0.0000,0.0000,0.0000,0.1189,0.0000,0.0000,0.0000,0.0000,0.0000,0.0000,0.0000,0.0000,0.0000,0.0000,0.0000,0.0000,0.0000,0.0000,0.0000,0.0521,0.0000,0.0549,0.1691
0.5627,0.6084,0.8005,0.7127,0.7789,0.7696,1.0927,1.2866,1.2430,1.0857,0.8119,1.0051,0.9331,0.9306,0.6357,0.6642,0.4356,0.8075,0.8664,1.3231,0.7346,0.8080,1.2308,1.0106,0.7818,1.1223,0.8674,0.9815,0.7194,0.3183,0.0325,0.8703,0.5317,0.3860,0.5865,0.0000,0.3791,0.0421,0.4685,0.3316,0.7268,0.6446,0.7246,0.9405,0.9086,0.5222,1.0865,1.2096,1.8366,2.1757,1.3787,1.5944,1.8162,3.2671,3.3266,5.1251,6.1799,7.4875,12.3850,13.7331,13.6283,14.0205,18.1461,22.0191,24.6602,27.6151,34.0985,35.0237,35.5590,33.3531,31.8216,38.6422,36.6142,31.3706,28.3806,24.9900,21.4221,18.9207,16.9105,17.3204,15.9772,14.9285,12.8357,11.0865,9.1603,7.1442,4.4987,3.0642,2.4060,3.6214,2.9330,2.3976,2.8469,2.6438,2.3963,2.3776
1.6608,1.3549,1.5065,1.4621,1.5253,1.5145,1.7953,1.8642,2.3400,2.3560,2.5861,2.7734,2.5340,2.6397,3.0694,4.2828,6.2229,9.2044,6.9963,5.4631,4.5006,3.6256,3.3238,3.6198,2.7460,1.8268,1.7363,1.5740,1.7089,1.4335,1.3640,1.7200,2.2317,2.9826,4.0134,3.7678,2.5611,1.8215,1.9163,1.5745,1.5538,1.4617,1.6081,1.8952,2.2247,1.8064,2.6459,2.6482,2.4203,1.7407,1.2022,1.1282,0.9812,1.3073,1.2991,1.3176,1.1364,1.2384,1.4647,1.6010,1.6038,2.3198,2.2406,2.1451,3.4407,5.6441,9.1056,14.7423,21.9936,22.7830,22.5086,20.0214,14.6640,12.0532,11.3183,10.6305,8.9699,8.5323,8.9469,8.0829,7.5314,7.1427,6.8213,5.5645,4.6435,4.4148,3.8416,3.5323,3.5595,3.9881,3.9149,3.2391,3.1417,2.9408,2.3596,1.8822
0.0000,0.0000,0.3831,0.4096,1.1127,0.0000,0.0000,0.0000,0.0000,0.0000,0.0000,2.0525,6.2879,15.6407,18.9255,18.2673,9.0446,6.7489,14.2438,16.4584,9.4028,6.9688,2.8773,1.0547,1.3619,1.0238,1.9494,1.9268,2.6150,2.0022,2.1135,2.3089,3.2969,2.3912,2.2228,2.5439,3.6818,2.2917,2.4344,2.9498,3.6069,3.4225,3.3818,3.3198,3.8771,3.5554,3.8198,4.4154,5.1131,4.7794,4.7710,5.1312,5.4233,5.6910,5.9202,7.0916,7.5656,9.9615,12.1065,14.0368,13.7279,19.8074,26.9677,31.8160,34.5712,36.6155,43.2955,46.4484,51.7327,56.0699,52.3093,50.8643,54.3338,61.3320,62.1595,62.3304,58.3471,53.6672,56.1800,55.2182,47.9149,42.0920,35.4266,28.3569,18.2192,13.7790,11.2224,9.4116,8.5084,9.5272,8.1192,8.9121,8.8234,8.8389,7.5037,7.0283
0.0000,0.0000,0.0000,0.0000,0.0000,0.0000,0.0000,0.0000,0.0000,0.1356,0.0000,0.0000,0.0000,0.0000,0.0846,0.6301,0.8174,1.0472,0.7652,4.4076,15.4371,21.9011,25.3815,27.1253,21.5232,19.1862,17.5521,15.1711,14.3104,14.4864,9.2660,6.0589,2.8026,3.3756,3.5399,4.3568,7.9266,3.9949,1.3454,5.7546,11.6961,14.6457,16.3318,12.2293,3.2111,0.0423,0.0000,0.0000,2.4063,2.6238,1.8810,0.0000,0.0000,0.0000,0.0000,0.0000,0.2406,0.0000,0.1065,0.0038,0.2369,0.1111,0.0000,0.3183,0.5632,0.7950,0.0222,0.0863,0.2473,1.5842,2.7606,2.9966,2.5185,1.8791,0.0000,0.0000,0.0000,0.0783,0.1814,0.5430,0.2644,0.0369,0.2047,0.0000,0.7649,0.0000,0.0000,0.0000,0.0000,0.0000,0.0175,1.1192,6.9537,9.8064,8.7770,12.5052
9.1437,12.4910,10.4211,4.5223,3.6590,2.5343,2.8874,2.1396,0.8928,0.6885,2.0557,1.5066,2.0059,1.4455,1.0096,1.0967,1.5461,1.1691,0.0000,0.0000,0.0000,0.0000,0.0000,0.0000,0.2411,1.0758,2.1147,1.0572,0.3357,0.0000,0.0000,0.0000,0.0000,0.8157,4.4767,4.0987,2.6376,1.3468,0.5796,2.0264,3.9114,3.8128,3.8041,3.2913,2.6997,4.2709,6.7122,6.1290,5.3418,4.1431,6.1674,9.5677,8.5100,6.8170,6.1064,4.7302,5.3574,4.2929,3.9101,2.0907,0.2089,0.5200,0.0000,0.0000,0.1685,0.0000,0.0000,3.8667,11.4730,10.4649,8.5264,5.1555,4.9354,5.7079,4.3678,7.5844,12.9819,13.8853,15.8122,16.4750,18.3905,29.1595,34.1174,32.6927,35.7481,35.4443,33.9123,32.6674,33.8265,32.8817,29.4630,28.0240,25.3326,20.5236,20.6840,22.2526
24.9662,18.6239,16.3813,15.1379,14.8328,14.2688,13.2416,13.6770,13.5792,21.2456,27.8146,25.3504,19.6152,14.6431,15.8148,16.9587,17.2260,16.6778,17.3748,21.6531,29.4605,29.0660,28.3585,29.9556,28.5651,26.1808,22.3373,20.7813,21.2146,23.1295,22.3692,20.0356,16.4201,17.0740,19.6017,19.8330,18.2446,17.3756,15.2760,16.1806,17.4470,18.6929,21.6918,24.5402,30.0749,33.9901,34.1149,36.4566,34.8558,33.4677,33.0022,30.8083,24.9159,20.2477,16.5491,13.0559,9.3967,6.1131,3.7582,3.3771,2.0561,2.2131,1.8679,1.7510,1.7257,1.3870,1.5456,2.9477,4.0237,5.3236,4.1583,2.8534,2.5933,2.1727,1.8699,1.3463,1.0492,0.5668,0.2819,0.8743,0.8709,0.3661,0.3856,0.4886,0.6295,2.1613,2.0055,2.5186,8.1031,15.0292,15.6611,13.8872,11.7221,12.4854,16.1933,15.5046
9.6198,10.9233,13.2130,13.3210,11.4882,9.6285,8.3705,6.7464,5.1920,4.7518,4.3923,5.3300,5.3412,3.4218,2.6837,1.9193,1.7061,1.4870,1.0302,0.5325,0.4274,0.4907,0.3782,1.0573,1.6272,1.1099,1.0021,1.4622,2.3012,2.5849,2.4806,1.8225,1.3798,0.7681,0.4595,0.4193,0.3604,0.5388,0.5136,0.3922,0.4469,0.4202,0.5587,0.5867,0.6447,0.2485,0.3400,0.3000,0.4460,0.5929,0.5055,0.4460,0.6082,0.6870,0.5591,0.5057,0.5934,0.6000,0.6495,0.5473,0.4370,0.6402,0.7249,0.5990,0.7428,0.7943,0.5995,0.6636,0.6540,0.5815,0.5400,0.6229,0.5498,0.4673,0.7543,0.5687,0.4885,0.5506,0.4539,0.3917,0.6508,0.5616,0.5604,0.6284,0.6405,0.4174,0.5851,0.6204,0.6883,0.6300,0.6622,0.5351,0.5892,0.5176,0.7528,0.7694
0.6224,0.8635,0.7563,0.8172,0.7781,1.0246,1.0825,0.9855,0.7472,0.8103,0.7201,0.6543,0.4322,0.4726,0.0000,0.0000,2.2677,3.1901,0.7409,0.5164,0.5911,0.6451,0.5511,0.6935,0.4281,0.1544,0.1401,0.1584,0.4146,0.2384,0.2556,0.3058,0.1731,0.2752,0.2263,0.3105,0.2891,0.3902,0.4286,0.3868,0.4129,0.4050,0.4842,0.5478,0.5756,0.3843,0.4042,0.3774,0.4271,0.6057,0.5108,0.5625,0.5131,0.8958,0.6431,0.6551,0.7521,0.6543,0.6537,0.1464,0.0000,0.1256,0.0000,0.2750,0.1166,0.2958,0.4060,0.6496,0.3943,0.0000,0.0000,0.0000,0.7468,0.5584,0.5019,0.5350,0.4639,0.4764,0.3996,0.4398,0.6116,0.2747,0.1449,1.2359,1.6044,2.1657,0.6090,0.0935,0.3592,0.3358,0.3395,0.4031,0.5203,0.2999,0.3825,0.6520
0.3669,0.4385,0.1132,0.3915,0.4952,0.5108,1.1703,1.0285,0.3256,0.4236,0.5844,0.6737,0.6289,0.7034,0.6037,0.5534,0.7550,0.5010,0.5543,0.5144,0.6686,0.6493,0.5410,0.6359,0.5776,0.3957,0.5039,0.5507,0.6144,0.6224,0.4157,0.3250,0.4553,0.3357,0.5148,0.5893,0.7090,0.6872,0.7718,0.7116,0.8027,0.7626,0.8058,0.8948,1.0156,0.8028,0.9295,0.8688,0.9671,1.0548,0.8582,1.0526,0.8523,1.1110,0.8488,0.8049,0.7935,0.7816,0.7640,0.7174,0.7000,0.7580,0.3334,0.3949,0.6497,0.7850,0.5293,0.7737,0.6897,0.4433,0.5465,0.5995,0.5270,0.5468,0.8320,2.6786,4.7504,3.9363,4.4120,6.3729,6.4636,6.0297,4.5245,3.5123,2.1382,1.3016,0.6919,0.7736,0.9266,0.8909,0.8891,0.8247,0.9498,0.7513,0.7341,1.0245
0.2149,0.2736,0.2682,0.2245,0.2545,0.4591,0.4660,0.4380,0.4137,0.4526,0.3961,0.5092,0.4075,0.3460,0.4082,0.3512,0.1950,0.2968,0.4286,0.4982,0.4958,0.4332,0.4395,0.4178,0.3880,0.3415,0.4915,0.4522,0.4271,0.4564,0.3837,0.3768,0.4386,0.3439,0.3589,0.1594,0.0000,0.0000,0.0000,0.0000,0.4056,0.2823,0.9495,1.1099,1.2447,0.8671,0.5897,0.6905,1.6002,1.4025,1.8772,1.5952,1.2093,0.8932,1.4062,1.9253,1.5699,2.4598,3.6636,3.8946,3.4606,3.3903,3.4076,4.5568,3.5674,2.3838,1.5479,1.1714,0.6137,0.4128,0.3819,0.3768,0.6328,1.0180,1.7359,1.9576,1.7077,1.6721,1.4443,1.1791,1.0287,0.5555,0.4643,0.4077,0.5518,0.7144,0.4749,0.4697,0.5434,0.5172,0.6502,0.5631,0.6623,0.6220,0.6202,0.6753
0.3525,0.2374,0.2626,0.1675,0.2184,0.2373,0.3104,0.3306,0.3022,0.2767,0.3400,0.3241,0.2993,0.2538,0.2409,0.2635,0.3176,0.3114,0.1631,0.2696,0.5645,0.7241,1.1561,0.7072,0.5109,1.1609,2.3016,2.4525,1.9323,2.6230,1.8969,1.8142,2.2478,2.0198,1.4197,1.4388,1.1743,1.1054,1.0283,0.8487,0.5480,0.4448,0.2828,0.4600,1.0039,0.7074,0.4296,0.2714,0.2287,0.2993,0.4134,0.3810,0.3906,0.3372,0.3389,0.3594,0.3736,0.3895,0.3794,0.4109,0.3804,0.3563,0.4045,0.3677,0.3807,0.4138,0.3778,0.3663,0.3324,0.3493,0.3278,0.3836,0.4087,0.3249,0.3591,0.3086,0.3257,0.3086,0.2650,0.2976,0.2145,0.4471,0.8528,0.6842,0.4854,0.3991,0.3965,0.2945,0.3335,0.3694,0.3900,0.3896,0.3513,0.3418,0.3362,0.2648
0.1579,0.1597,0.1807,0.2169,0.2328,0.2338,0.2438,0.2487,0.2671,0.2400,0.2754,0.3182,0.2900,0.2728,0.2124,0.2602,0.2407,0.2520,0.2400,0.2882,0.2731,0.2866,0.3017,0.3064,0.3011,0.2826,0.2877,0.2994,0.3004,0.3038,0.2893,0.2901,0.3025,0.2955,0.3061,0.3010,0.3441,0.3189,0.3189,0.3747,0.3617,0.3652,0.3218,0.3214,0.3220,0.3051,0.2810,0.3173,0.3291,0.3308,0.3241,0.3041,0.3116,0.3484,0.3390,0.3437,0.3383,0.3521,0.3299,0.3870,0.3384,0.3172,0.2754,0.3279,0.3120,0.3546,0.3759,0.4286,1.0176,2.2063,2.9905,3.2474,3.1282,3.1633,3.2194,3.0465,2.4409,1.9821,1.8681,1.4718,1.0657,0.6847,0.4263,0.3874,0.4615,0.4943,0.4419,0.3941,0.3727,0.4192,0.4623,0.4707,0.4549,0.4519,0.3956,0.4112
0.2870,0.3419,0.3030,0.2001,0.2499,0.2373,0.2245,0.2648,0.1915,0.1907,0.2620,0.1738,0.3186,0.2872,0.2230,0.2712,0.2498,0.3295,0.2077,0.3045,0.2911,0.4169,0.4749,0.6232,0.5885,0.6176,0.6739,0.5427,0.5572,0.6163,0.7330,0.6783,0.7279,0.7837,0.7556,0.8828,0.9592,0.9003,0.7503,0.7948,0.7644,0.6238,0.6326,0.7476,0.7387,0.8455,0.8385,0.8209,0.7780,0.6771,0.4380,0.4121,0.4174,0.5737,0.7926,0.8513,0.7404,0.5199,0.5504,0.7433,0.8160,0.7304,0.5142,0.3968,0.5619,1.2140,1.3845,1.3571,1.5457,2.0269,2.3509,2.4144,2.1815,2.6002,4.0709,4.8184,4.9995,6.0582,5.8354,4.7999,4.7543,5.6361,6.7369,7.2952,7.5340,7.0959,6.5541,5.4508,4.7105,4.5303,4.8389,4.6811,4.3488,3.7191,3.4748,3.8682
39.1668,41.3581,46.1799,48.3190,52.5770,43.5189,36.2016,37.0455,38.6493,41.1596,49.1516,47.8073,39.3837,38.9766,37.6539,37.1653,37.1087,38.4809,36.0778,35.7169,41.7866,44.8322,42.2347,45.9247,53.3047,60.5617,55.6264,45.5243,41.9563,45.3055,47.7808,49.7991,47.9540,39.9818,36.4630,35.6075,36.1724,34.3620,35.5958,37.7014,33.0891,27.9953,25.5355,22.2324,18.5425,14.6418,12.8817,13.2245,10.9249,11.4274,16.1955,19.1002,31.7459,45.3466,47.6251,41.7608,36.2016,31.8218,29.3369,27.4913,23.0173,21.5826,25.6297,35.8099,41.8592,44.6368,42.3257,48.1759,55.3567,63.2450,72.1353,77.0400,83.2978,85.2661,85.3635,84.2519,78.9706,73.9954,75.2684,71.6624,62.2968,53.6034,41.2733,34.2680,35.2245,35.9213,31.3131,26.4572,22.5705,23.5624,22.6192,22.3958,24.4690,30.5994,31.7777,29.5416
22.2680,23.7885,21.9269,26.2682,30.3355,44.3478,57.3634,55.5522,45.3869,44.0773,44.2872,36.0423,27.0817,22.7400,22.2772,21.7704,21.8128,22.7315,22.0837,17.6009,12.6540,11.3779,12.5216,15.6946,18.2575,17.2966,22.5857,33.1641,38.0990,48.6329,57.1671,62.4530,62.6431,66.9274,66.6851,60.4726,55.2649,51.3802,46.6562,46.1552,48.5117,49.4802,47.5443,45.1926,39.1884,35.8502,33.7039,36.6932,38.4087,36.8935,33.9089,23.7879,19.6132,18.6354,20.3321,19.1360,14.4482,11.0097,10.5129,13.2135,18.7104,27.8723,28.6012,28.0618,28.2397,29.0686,34.5245,37.0743,39.5471,42.5532,37.5753,34.7661,36.9516,38.3840,39.6857,38.1507,32.9681,24.4838,23.2972,27.6329,31.2421,25.6467,24.4109,43.3012,51.5036,37.6152,25.9604,21.6684,20.1121,24.8302,34.9404,44.4292,53.2753,60.3330,62.3985,57.1626
54.0707,46.5661,43.6845,42.3106,40.2610,38.1962,34.4324,33.0058,32.4344,35.1659,38.8793,42.9535,43.2286,42.0146,43.4377,47.9287,51.4411,52.3241,50.8264,48.3402,45.6092,45.0868,44.4405,48.1300,43.9103,42.0635,43.8606,43.4486,45.3866,52.2186,56.9338,64.7737,71.1901,68.9127,68.4808,68.5590,69.0325,69.5200,68.5215,70.8292,69.6517,75.0246,76.4473,55.9441,48.1504,49.3741,53.9671,70.5622,72.0031,69.1913,70.0985,67.4700,67.9755,71.1989,70.0439,70.1479,71.8544,70.6806,61.5343,59.1604,56.3869,54.7806,53.3489,57.1445,59.2261,58.9130,58.5024,59.8734,61.3455,63.3594,64.5637,63.8884,60.3872,61.2461,66.6939,66.1005,71.0581,72.4188,70.8534,71.0507,70.7000,71.7228,71.8394,73.3749,73.2460,72.3724,72.4425,71.1163,67.5487,68.5032,67.8882,69.2606,66.8571,60.5931,60.8587,62.5138
58.4593,60.8184,62.9062,65.2435,63.4790,70.4111,74.7448,74.8229,77.8502,78.3267,77.4919,75.8358,73.5141,71.6038,69.6397,70.1536,71.8541,73.5592,72.9913,70.8609,70.5021,68.4872,63.4667,59.4455,54.1558,47.6995,49.4761,40.5552,37.5498,37.2605,32.5976,32.2165,32.6722,33.2389,34.9350,36.1766,34.7738,35.2023,35.4045,30.6919,27.3254,23.5768,20.2088,18.4541,15.0581,12.4139,10.8560,9.4652,7.4277,7.3209,7.0838,5.6772,5.8639,5.3233,4.4331,4.2084,5.3324,4.9272,4.5492,3.7392,3.9262,4.1446,4.8598,4.0050,4.3483,4.4518,4.2816,3.8586,3.7997,3.4745,3.6760,4.3838,4.0149,4.4332,4.5257,4.7760,4.6729,4.2964,4.6306,4.8433,5.2132,4.3134,4.6363,4.0795,3.5247,3.5309,3.5186,4.6336,4.5479,4.7979,5.1543,3.3899,4.2253,4.7683,5.0969,5.3715
1.6733,2.8478,2.9274,3.1475,3.4623,4.0303,4.7054,4.5656,3.2909,2.6049,4.5178,4.6308,4.9995,4.7724,4.3211,3.7633,4.6078,3.6499,3.5949,3.5711,3.4476,2.8377,2.6364,3.4534,3.5117,1.9020,2.7503,2.2003,3.5259,3.0183,2.7967,3.7664,3.7056,3.1937,4.1168,3.5545,4.2542,4.2640,4.4783,4.1127,3.2585,3.4653,3.3436,3.2729,4.2256,3.1205,3.7529,3.7116,2.4792,2.0693,1.2808,1.9044,2.1235,3.1609,1.3724,1.2496,1.3016,1.2597,0.0000,0.0000,0.3656,6.3324,14.1734,26.3991,30.4676,30.8719,23.2047,15.6886,12.1959,12.9825,14.9890,16.8823,16.5001,13.2571,9.7351,5.9100,3.4230,2.0393,1.1963,1.7375,3.8736,3.3554,2.7582,2.8971,3.6842,3.5001,2.2718,2.3905,2.6106,2.2556,2.7625,2.3480,2.8483,2.0364,2.1966,2.2306
1.9658,2.9673,2.6686,3.3150,3.6177,3.4529,3.7518,3.2501,3.4461,3.0733,3.7704,3.2796,3.8308,2.3850,1.7170,2.4453,2.2692,1.9233,1.8326,2.3985,1.9956,1.9759,2.8624,2.7895,2.4131,1.3228,2.4525,1.6662,2.4675,2.2864,1.8452,2.6603,6.9582,9.6894,13.7796,16.2420,14.2821,10.4612,10.8198,12.1366,13.7929,10.0142,4.7298,3.0986,6.4097,7.3523,7.3301,7.0052,4.7785,3.7986,2.7490,2.8480,2.8874,3.7065,2.5597,3.7104,3.6220,3.5820,4.0197,3.6384,3.5832,9.8597,17.1889,20.0635,20.5009,19.6368,22.9132,35.8801,60.5276,67.0333,75.6664,69.7119,66.4844,63.6710,71.1985,78.9972,73.4259,71.0873,54.8146,34.2007,17.6197,11.8453,10.3032,7.6397,9.0203,8.3603,6.2010,4.8243,4.4943,5.6493,5.1218,3.4079,4.8150,4.2909,3.6024,3.3476
0.0000,0.0000,0.0727,0.4377,2.2762,3.1701,4.6138,5.1854,2.4485,1.5858,1.2667,1.2337,2.4173,2.3948,5.0912,6.4329,8.2644,6.9061,5.6576,7.7385,10.7414,10.3689,11.5152,9.6954,7.2495,8.8914,10.1736,10.5056,11.0210,12.9085,15.7673,15.4476,14.5857,15.2054,15.0610,14.6127,12.6473,12.7460,11.1170,11.0038,10.2119,11.1182,9.5455,9.6650,8.1189,7.6044,5.6358,5.4549,6.4215,7.4753,7.4311,8.2584,7.4522,6.7506,2.4596,2.2335,2.9038,2.8114,2.1570,1.9842,1.6915,2.2643,2.1055,1.8885,1.8324,3.5424,4.1927,3.8156,3.0891,1.8544,1.6247,1.9592,2.1616,1.7874,1.7489,1.7357,1.7226,1.9715,1.8889,1.7161,1.9748,1.9530,1.5675,1.5514,2.2560,1.7913,1.4794,2.0684,2.0465,2.2185,2.4218,2.3385,2.2549,1.8872,2.1691,2.6080
1.7082,1.6987,1.1194,1.1830,0.6976,0.9186,1.5353,1.6363,1.8142,2.1056,3.0185,3.9820,4.3817,4.6906,5.6037,6.6374,5.7274,6.1087,6.1295,7.7158,8.2610,7.2019,6.8709,6.3973,6.1217,4.7271,3.6470,3.2768,3.1985,5.0524,7.3029,8.1082,10.1389,10.6137,9.6680,9.7500,11.6482,13.2474,13.9388,15.5227,15.9487,16.7008,18.0489,18.1620,18.2287,16.1902,15.7186,17.9503,20.5344,22.9783,21.8478,20.0809,18.5358,16.5575,12.3829,9.8952,8.1321,6.5087,8.4605,12.1176,14.7828,18.6822,21.2078,20.3645,25.9573,33.7165,38.0357,37.3363,29.9111,28.6575,30.1831,32.2250,39.4048,48.4135,54.9666,56.2896,55.2351,53.2636,46.8304,41.6552,31.8093,25.1850,18.6644,16.8260,18.5880,16.4342,14.5323,11.9735,10.6075,14.8504,17.9284,18.1178,19.5420,19.9061,18.0459,16.9251
9.7827,8.7574,11.2288,12.4453,13.1619,15.2221,15.3155,14.7945,16.3307,16.7142,17.9070,18.8359,16.6839,15.5803,15.0293,14.2281,13.3059,14.1608,14.7487,17.0412,19.5337,20.7059,18.6711,18.3473,19.9748,21.8428,22.4000,20.8647,18.9149,18.0218,16.4682,16.8723,18.9408,19.5366,21.1052,24.5194,25.7604,26.4219,27.5405,26.9746,25.9559,24.1358,22.7973,19.6710,16.7095,14.0213,11.3096,9.6459,8.6700,8.1166,8.8297,7.3238,7.0023,5.8276,4.6130,4.2348,4.2497,4.3593,4.0407,4.8299,4.6309,5.9871,6.1660,5.8056,5.1517,5.8097,8.2212,14.7536,17.9223,16.7843,14.6707,15.6932,16.4518,15.0828,10.7264,6.8596,6.4284,4.4662,3.0804,3.1027,2.7465,2.3370,2.1171,2.1989,2.0432,1.5548,1.1000,1.2172,0.7330,0.9595,0.8557,2.0975,5.5019,8.8012,10.4742,14.0095
8.9515,10.0679,8.2383,5.5344,4.6878,6.6880,8.4671,8.2075,8.2819,5.8210,2.7312,1.2789,0.5562,0.2475,0.4831,0.4153,0.6146,0.7525,0.9403,1.3253,1.7130,1.4634,1.0063,0.9335,0.9091,1.1699,1.2501,1.1964,1.5889,2.2246,2.5907,2.9053,3.4272,2.3880,1.7555,1.1065,0.4579,0.7946,1.3453,1.6279,2.2291,3.2726,3.4499,2.9103,2.5057,1.8302,1.7314,1.1364,0.8113,0.6004,0.4876,0.4263,0.6903,0.7527,0.5352,0.7643,0.7068,0.5910,0.6351,0.8202,0.8380,1.3391,1.6488,1.2092,0.7613,0.6550,0.8117,1.9962,1.7622,1.6001,1.8770,3.0237,3.9061,4.7942,4.8073,4.2492,3.5876,2.5518,2.3145,1.9361,1.9209,1.0954,0.7103,0.6430,0.7583,0.6855,0.8557,0.8444,0.8391,0.8244,0.8370,0.8049,0.8571,0.8710,0.9481,0.9637
0.7276,0.9161,0.9537,0.8940,1.0651,1.0898,1.3372,1.3528,1.2847,1.3418,1.3873,1.4361,1.3288,1.2130,1.3197,1.1557,1.2808,1.1410,1.1581,1.2260,1.1460,1.1118,1.2031,1.2199,1.2430,1.1307,1.1450,1.0949,1.1533,1.0519,0.9877,1.2182,1.1490,1.1046,1.1022,0.9206,1.0875,1.0405,1.1498,1.1684,1.1049,0.9722,1.0641,1.1506,1.1925,0.8910,0.9416,0.9847,0.9813,0.9297,0.5016,0.3978,0.2997,0.9763,0.5913,0.8728,0.9917,0.9479,1.2736,2.0749,4.7290,7.2546,8.1327,10.4252,11.6674,11.8490,12.4327,16.0385,15.9836,14.7006,13.3568,10.9913,10.0192,9.8579,8.2729,7.8442,7.1944,6.5076,5.6667,5.9012,6.5014,5.2990,4.8539,4.2143,3.7298,3.0697,2.3936,1.8165,1.6869,1.8815,1.9334,1.7106,2.0352,1.8143,1.8085,1.4569
0.4084,0.5146,0.5670,0.3878,0.5537,0.6039,0.8248,0.8969,1.0732,1.1630,1.3317,1.4756,1.0929,0.9684,1.1408,1.1512,1.0658,1.3488,2.0816,2.0106,1.4694,1.2984,1.2689,1.0697,1.0489,0.8659,1.0440,1.0910,0.9587,0.9277,1.1086,1.0797,1.0574,0.9943,1.0540,1.0185,0.8574,0.9972,0.9969,1.0558,1.2176,1.3249,1.0681,0.8873,0.7364,0.5472,0.7672,0.7385,0.7474,0.9190,0.5781,0.6310,1.2096,2.5421,2.3105,4.2260,6.1140,4.7714,3.7947,2.8154,3.7749,4.9305,6.9084,7.3277,5.7701,6.9196,6.9905,6.1979,5.1075,4.5931,3.9894,3.3010,3.2778,3.2284,3.6499,3.4488,2.5652,2.5122,2.0468,1.8235,1.4686,1.3228,1.4064,1.2811,1.3574,1.3306,1.3133,1.1404,1.1386,1.0929,1.1390,1.1209,1.2751,1.0556,1.1923,1.2351
0.5186,0.4984,0.5791,0.4506,0.5852,0.6577,0.7287,0.7882,0.7164,0.7463,0.8119,0.7935,0.9076,0.9129,0.8472,0.8561,1.0233,0.8623,0.8368,0.7070,0.7309,0.8038,0.7780,0.9136,0.8965,0.8351,0.8667,0.8412,0.8786,0.8782,0.7794,0.8887,0.6907,0.7985,0.8196,0.8180,0.8606,0.8260,0.7958,0.9687,0.9242,0.8263,0.8503,0.9537,0.8613,0.9299,0.8784,0.9509,0.8574,1.0035,0.8313,0.8700,0.7658,0.9679,0.8770,0.8994,0.8786,0.8831,1.0873,1.1338,1.2328,1.5841,1.6323,1.8435,2.0592,2.2959,3.8943,5.5627,6.0573,6.3298,5.5620,4.6265,4.1509,3.6603,3.2789,3.5424,3.8217,4.0430,3.8997,3.8903,4.2271,4.3688,4.7259,6.0179,6.9463,7.0511,7.4482,7.7865,8.2252,8.6890,9.2490,9.4948,9.8774,10.0470,10.2955,10.3960
48.1424,46.0970,46.7675,45.6425,45.7162,45.9134,44.0939,40.6622,47.8241,63.3107,64.8420,63.8738,62.3949,59.7470,64.3834,64.3068,66.1561,69.4127,66.0381,57.0542,53.5543,57.6974,54.5382,43.2982,35.2921,47.0940,65.1503,72.5504,70.0322,73.3214,75.8592,76.8267,76.3938,78.7976,78.7019,74.7771,57.0859,45.8469,48.7889,58.4164,59.8894,46.5443,46.7756,42.8435,33.0620,30.2298,29.5886,31.7883,31.2799,37.7430,37.0688,30.1275,27.6930,19.4272,13.5495,13.5701,15.4985,20.7161,29.3078,38.4259,39.4534,38.2643,37.7703,37.0889,36.3527,35.7668,31.7184,30.0653,31.2583,35.8726,35.3726,28.2489,23.9928,26.7377,30.8276,35.4413,38.0002,46.2220,48.4724,43.3032,39.7271,34.8177,40.8442,40.4404,33.9562,31.7214,30.6824,29.1713,25.7822,30.7417,37.8272,48.2331,56.4925,61.2606,53.0769,44.8807
51.6429,55.7899,55.3296,45.9109,39.7764,36.0187,28.3040,27.5001,34.4160,43.7169,51.1531,56.7327,46.9447,55.0907,74.2220,75.7808,70.2154,63.7617,51.3255,39.2001,38.7831,43.3745,42.9795,43.3614,56.1269,74.8732,77.7517,63.6141,57.7056,58.3395,61.1653,57.2081,48.0239,45.2007,41.5571,34.4296,30.5202,33.2780,30.8938,31.0699,36.7633,31.6010,26.4796,26.6348,29.2213,22.2367,20.2940,20.9971,22.4533,21.6675,17.4145,9.4878,6.6876,4.7004,4.5302,4.2973,7.0315,10.4018,12.3128,12.1535,16.8755,26.5713,29.6614,28.8769,25.7713,27.4707,29.8511,30.4096,29.8811,36.2264,35.5796,27.3413,23.9255,19.2799,19.0595,20.0206,22.6431,28.4438,29.3538,27.2951,28.4556,27.1991,27.5021,30.8888,34.8897,31.5464,34.7772,35.3407,27.0558,29.5077,31.3025,28.3395,31.4632,37.0868,37.6779,43.2017
53.5732,52.3747,58.4941,58.9649,52.1315,53.9683,56.0305,52.7672,44.7520,39.2946,35.8125,33.2625,28.8136,28.5096,28.0431,30.3667,33.4325,30.7959,27.2268,23.2319,20.3749,20.7180,23.6721,28.1099,26.7842,22.3830,20.5795,17.9356,14.2214,12.2242,11.7247,16.3257,20.2639,17.3034,17.1354,15.6419,12.0417,12.2034,11.1518,9.7195,9.8645,10.2282,10.7504,9.8262,8.9343,7.1104,5.4766,2.7141,2.4225,1.8555,0.6868,0.0000,0.0000,0.0000,0.0000,0.0000,0.0000,0.0000,0.0000,0.0000,0.0000,0.0000,0.0000,0.0000,0.0000,0.0000,0.0000,0.0000,0.0000,0.0000,0.0000,0.0000,0.0000,0.0000,0.0000,0.0000,0.0000,0.0000,0.0000,0.0000,0.0000,0.0000,0.0000,0.0000,0.0000,0.0000,0.0000,0.0000,0.0000,0.0000,0.0000,0.0000,0.0000,0.0000,0.0000,0.0000
1.4220,2.5083,2.3805,2.6016,2.5965,2.9567,3.4350,3.2019,3.1923,3.1637,3.4720,3.1365,3.2022,3.0870,2.8067,2.4743,3.2176,2.4391,3.6468,1.8377,2.1266,1.7525,1.4797,1.9036,1.9350,0.8702,1.1776,1.0732,2.0015,1.3664,1.3279,0.8706,0.7424,0.0000,1.4699,7.6258,2.6219,0.0000,0.1681,8.9203,7.2557,3.9429,5.2121,2.3349,1.5759,1.4793,1.3490,1.6220,1.7307,1.8103,1.8488,1.8685,1.6076,2.5123,1.5929,1.3067,1.3460,1.6277,1.3204,0.8492,1.6114,1.8907,1.6178,1.1285,0.9881,0.6025,0.0924,0.7682,5.0713,3.7110,3.3545,4.3766,6.0708,1.4311,0.4559,0.2443,0.3433,0.8076,0.6801,0.9667,1.1834,1.3961,1.2145,1.1302,1.5344,1.3217,1.0584,0.9018,1.0271,0.9684,1.0285,0.6866,1.1861,0.3719,1.0593,1.6008
2.6647,5.7950,3.9964,2.9251,6.4987,10.4023,16.2315,22.5311,28.0554,33.7300,34.7075,26.9623,15.6797,8.7488,4.8089,6.4950,10.0947,11.1856,10.7296,7.9758,5.0238,3.6971,3.6313,3.3126,3.2194,3.1726,3.2326,4.1207,4.1376,3.5603,2.6857,3.2383,3.0678,2.4190,2.9262,3.7832,5.1702,4.4583,5.2051,5.4172,6.4557,8.4946,10.6308,16.9879,19.1102,18.4625,16.8802,14.7982,16.5553,18.9014,17.4024,13.4089,8.8105,7.2372,5.8465,5.3711,4.3301,4.9768,5.6394,5.5559,5.1657,8.1780,13.1173,17.6634,21.4802,25.5650,34.8991,42.5674,51.6710,64.0858,59.4371,54.4041,65.5805,70.5874,57.5751,44.0828,51.6931,56.4061,54.4401,44.9724,44.9591,48.4386,37.1902,26.1470,21.2630,14.0300,11.2128,18.4610,29.4426,39.9367,45.8053,42.6431,38.7466,32.1607,27.5526,26.4173
6.9471,6.0953,8.6188,9.8917,10.4638,6.9588,5.2475,6.9921,8.6369,9.0037,9.0971,15.5313,26.4212,32.0319,42.3532,59.0302,67.8989,72.6032,71.3558,66.1070,65.7979,60.9356,58.9848,60.0447,57.8872,58.1717,63.5490,65.1215,59.9822,59.7848,57.1427,52.7417,49.2181,45.0248,38.7673,43.4945,53.0518,53.9647,54.5549,60.0351,61.6258,59.2671,57.0610,52.1209,51.4852,51.8693,51.0446,46.6137,48.9387,50.3877,53.4465,53.6349,53.9811,56.0585,60.6759,59.9428,56.7636,56.1677,57.7375,57.9758,56.2481,56.5176,56.2603,57.2862,56.7715,56.1031,55.3942,53.9959,49.6531,44.5612,39.0080,37.1153,36.1133,30.8488,30.1076,29.1819,36.1140,46.6625,48.1714,48.6423,45.4145,43.8550,44.4097,44.7734,49.0977,49.1089,47.8021,43.1689,40.1211,45.7493,51.1032,53.1609,53.3944,53.4648,53.4794,52.4947
68.0712,65.2046,63.4075,61.7847,60.0955,58.7093,53.6090,51.9424,59.8853,68.3449,72.0435,73.8733,75.2714,76.1612,76.5921,76.0621,76.2709,76.1504,75.9187,74.8910,73.6194,73.1637,72.7468,70.3483,66.9430,68.5144,63.9629,54.5301,40.5378,31.2963,25.0223,21.4676,20.4457,19.9208,22.6325,27.6619,31.9375,37.6359,44.8198,49.5068,45.9263,36.6653,33.0452,35.7212,39.3551,41.9462,39.4265,29.1813,22.7349,16.9052,11.6668,7.6172,6.7591,6.1994,5.6936,5.5797,8.1257,6.5593,8.1710,12.8258,15.0335,15.2891,14.4203,13.6996,14.1124,13.0555,10.7435,8.6157,8.2364,6.2682,4.6902,4.3353,4.3885,4.1350,4.1058,3.3878,2.7613,3.4090,3.4529,4.5251,3.8724,2.0982,2.3127,2.1951,2.5872,2.0919,2.0842,3.1666,3.3547,3.0012,3.7567,2.5043,3.2253,3.3349,3.3466,2.5661
2.3744,3.2412,2.4675,2.6753,3.3742,3.7793,4.2868,4.6486,4.9956,4.9884,4.2145,3.9869,3.9243,5.0279,5.1765,7.3964,11.3422,11.7248,9.7660,7.7988,5.6825,4.9631,3.1104,3.5578,3.7774,3.2961,3.6508,3.8124,4.0629,3.4604,3.3549,4.4253,4.1718,3.7114,4.0897,3.9960,4.0641,4.4221,4.3807,5.2643,5.5950,5.7572,5.7287,5.9215,6.4973,6.2714,7.0118,7.6912,7.8406,8.1964,7.3492,8.0205,7.9566,9.4700,8.9998,9.4865,10.0553,10.7670,12.2841,14.1048,15.7766,19.8822,25.2791,31.9363,38.8872,40.8104,44.7042,47.4022,50.4367,48.3710,48.2033,48.2197,44.5337,41.6170,43.2609,42.7560,35.5468,35.7248,35.3494,37.0868,37.8904,36.8003,30.1721,28.5422,25.4932,22.4187,21.2566,20.9510,23.2487,24.7140,24.6587,30.3393,34.5171,31.6961,29.8034,26.4513
14.7665,14.8050,14.5674,17.5133,20.8439,19.3966,19.5311,19.2051,22.0605,27.0326,25.2925,22.7657,19.2831,16.0814,15.0658,12.6618,12.2435,9.9777,11.6308,12.6232,13.8855,16.2937,16.4492,14.7347,10.7869,9.3476,8.1752,7.8099,10.4471,13.1391,14.1428,10.5942,6.8820,5.7171,6.1749,5.7905,5.6635,7.3177,7.1352,8.1035,9.1791,8.9841,9.9746,9.3356,7.2789,5.5954,5.4054,4.6329,4.5465,4.5531,3.9839,4.5215,4.8671,7.2253,10.4422,15.3479,16.9806,17.3694,25.0063,34.1624,40.8468,43.4100,45.9640,47.4078,44.3993,39.5408,38.9112,36.8727,32.5711,27.2878,27.3684,28.7399,26.1987,18.4542,16.7314,14.6689,17.3852,24.5601,16.7284,11.5322,11.6470,8.0009,6.8549,6.2919,7.7835,6.1432,6.7589,7.0211,6.3790,5.3902,4.5061,3.5579,4.3002,4.0737,5.0169,4.4974
1.7563,2.3396,1.9460,2.2430,2.2929,2.7909,2.9998,3.6414,3.4933,3.5814,3.5860,3.6564,4.1141,3.7097,3.5754,3.6265,4.1219,3.7232,3.5015,3.4142,3.3433,3.4703,3.3396,3.6378,3.5983,2.3230,3.3866,3.6604,3.6997,4.2959,4.0728,5.3948,5.8686,6.0785,7.4901,9.7544,10.9094,12.4513,13.3428,14.4239,13.1579,12.6019,15.5404,16.1238,22.5816,22.8439,19.5328,17.1797,12.6667,14.6399,17.7551,16.4015,16.0795,17.3999,14.1282,8.4981,7.7858,9.6577,10.6982,10.1698,6.9359,7.9132,8.9941,9.5716,10.9780,8.7639,7.5001,8.3209,7.4007,6.0154,4.3048,2.2867,2.0339,2.0801,2.3777,2.6794,2.2303,2.2322,2.3935,2.5419,2.8716,2.8548,2.9852,3.9413,5.6684,7.0463,10.8192,13.8561,12.8578,10.9545,14.8762,25.7941,31.2354,31.0804,40.6313,46.5517
