42.1661,42.5141,42.9917,43.6736,44.3354,44.3738,44.6727,44.6568,44.0463,44.1503,44.5649,44.6813,43.9437,43.4879,43.5542,43.6313,43.4352,43.6418,43.7340,43.7082,44.5722,45.1156,44.8542,44.2964,43.5220,43.1202,42.5467,41.9603,41.2150,40.0204,38.7384,38.9459,38.8624,39.4169,39.6467,39.3349,39.4600,39.2377,38.9503,39.5043,41.3332,41.9720,42.0255,41.0217,39.4078,37.7297,37.2628,36.7649,37.1665,37.0784,36.8618,36.9103,36.4871,35.4095,34.1539,34.0764,34.0506,33.4355,32.0417,31.3165,30.6509,29.9134,29.2612,29.2278,28.7089,27.5767,26.7966,26.1191,25.2732,25.6603,26.0374,25.7725,26.3345,27.1692,26.5924,25.6284,24.8366,24.4085,23.1730,21.8839,20.4077,19.8903,20.2049,21.2458,22.7325,24.1444,24.8668,25.5163,25.4874,24.4759,25.1582,25.4305,24.5086,23.4505,22.4990,21.1559
0.1320,0.1198,0.0000,0.0000,0.0000,0.0000,0.0000,0.1589,0.5943,0.9051,1.9146,3.0486,3.5204,3.3428,3.0407,3.2163,3.4152,2.5586,2.3274,2.2910,2.1678,2.0626,2.6058,3.0528,3.9128,3.6272,3.5998,3.4165,3.5961,3.9555,3.5050,4.2068,5.2806,5.2336,5.5512,5.6856,6.7120,7.2137,8.1469,8.8484,8.8271,8.1429,7.8835,7.1983,7.2198,6.1417,5.4372,5.6485,5.9222,6.0049,5.7061,4.8288,4.6804,4.6779,5.3864,6.5503,7.4424,7.3414,6.3344,6.4142,6.0183,5.9459,5.4220,4.9127,4.4182,3.4796,3.0621,3.3630,2.7786,3.1441,3.3187,4.5712,5.2158,6.3040,6.3913,6.8202,7.8184,8.7559,9.3945,10.5964,10.9345,11.6435,11.3244,10.6159,9.8252,9.1104,8.6510,8.3671,8.6775,9.2189,9.5158,9.9403,9.4157,8.5745,8.4025,7.5341
0.1036,0.0306,0.0000,0.2922,0.4390,0.7211,0.7357,0.5443,0.8609,0.7302,0.6952,1.1448,0.8453,0.1261,0.4245,1.6561,1.5126,1.9840,2.7312,3.0868,3.2108,3.0899,3.5749,4.2116,4.3702,4.1300,4.2054,4.7362,5.3526,5.0294,4.9310,5.1369,4.9082,4.7831,4.8356,5.5043,5.4125,5.0534,5.5380,4.9078,5.5439,6.3200,7.0052,7.2309,7.5120,7.4189,6.6700,6.1917,6.3448,5.4271,4.9666,5.0209,4.8272,4.7869,4.9169,4.8409,5.4645,6.1320,5.8686,5.6214,5.1178,4.3668,4.0539,4.2403,5.5008,4.9653,4.7344,4.2265,4.0256,4.1159,3.8615,3.5682,3.8141,3.9164,3.8635,3.5206,3.5135,3.6636,3.0393,3.1635,2.6365,2.8618,2.2329,1.6683,1.0807,1.5412,1.3577,1.7950,2.7701,3.0069,3.1086,2.2615,2.3252,1.8588,1.6549,1.7203
0.1943,0.0000,0.0000,0.0000,0.0000,0.0000,0.0000,0.3419,0.7818,1.4542,1.3874,1.5829,2.0799,2.5307,2.7734,2.6204,2.6675,2.5154,2.7923,3.0059,2.5675,2.4423,2.7357,3.2958,3.4342,3.6793,3.7274,4.5803,3.7458,3.0884,2.2998,2.3071,2.7140,3.4266,4.4026,5.2778,5.5089,4.9310,4.8707,5.0888,5.3378,5.3962,5.5888,5.3905,4.8637,4.6910,5.1406,5.4308,5.6961,6.1183,6.4959,6.3072,6.2959,6.4452,6.8522,7.1047,7.4995,7.6511,7.1591,6.7274,6.2646,6.1808,5.9970,6.4996,7.0005,7.2307,7.1845,8.4304,9.7020,10.0979,10.4213,9.7914,8.9802,8.1296,6.8279,5.6866,5.0264,4.4721,4.9086,5.1515,6.4587,7.6555,8.1374,8.7444,9.6306,11.0072,11.0957,11.5965,11.1807,10.4389,9.6274,8.4352,7.5955,7.9421,7.2798,7.5635
0.1997,0.5208,0.4826,0.6322,0.8839,0.9616,0.9559,1.0220,1.6254,1.6238,2.1079,2.3871,2.5837,2.5623,2.7374,3.2258,3.3554,3.2149,3.2905,3.4981,3.7194,3.8684,3.7165,4.3137,4.8568,5.2193,4.5931,4.6782,4.2296,4.3197,4.2901,4.6016,4.1700,3.7526,3.5517,3.1073,2.4969,2.2845,2.5747,2.9956,3.7656,4.1402,4.2131,4.1007,3.6125,3.3271,3.2509,3.3484,3.2551,2.7219,2.3709,3.1802,3.9236,4.5013,4.9674,5.5899,6.3316,6.7714,7.5776,7.2175,7.1744,7.3769,7.1613,6.6858,6.5456,6.5066,6.6579,7.3106,7.4269,7.8406,8.5323,9.0700,9.5097,9.3985,9.6416,9.4488,9.2138,9.0790,8.8904,8.4297,7.6125,6.9765,6.3825,6.3613,6.7055,7.0070,6.5750,6.7380,6.6438,6.4710,6.0062,5.6825,4.9776,4.8435,4.4298,4.4188
20.2722,20.3647,20.1368,19.8929,19.7486,19.6300,19.3693,19.2237,19.1327,18.8200,18.5078,18.2778,17.8445,17.4516,17.1644,17.0644,16.6800,16.4251,16.3795,16.4127,16.2616,16.1398,15.9793,15.8072,15.6834,15.6856,15.4775,15.1842,15.3736,15.2919,15.2569,15.1451,15.0778,15.0517,14.7619,14.8454,15.0222,15.0170,14.7600,14.5168,14.4072,14.1733,13.9018,13.5970,13.2478,12.9832,12.8438,12.9028,12.7489,12.3940,12.4351,12.2500,12.2046,12.1663,12.0061,11.8640,11.6447,11.4876,11.2057,10.8660,10.8380,10.9088,10.9619,11.0786,11.1238,11.1518,11.2812,11.4648,11.5688,11.7177,11.5361,11.5847,11.4763,11.5394,11.4955,11.5486,11.4950,11.4883,11.4798,11.3325,11.4624,11.5310,11.2515,11.1576,10.9311,10.8111,10.7118,10.3878,10.0428,9.5598,9.3678,9.0845,8.8340,8.7046,8.7777,8.7861
13.5379,13.4355,13.1876,13.0598,13.1913,13.2756,13.1103,13.0522,13.0736,12.8466,12.3834,12.0990,12.1416,11.6654,11.5243,11.1668,10.8858,10.9545,11.0638,10.8238,10.5447,10.4210,10.5708,10.7703,10.7766,10.6913,10.6120,10.7563,10.7563,10.9851,11.0883,11.2887,11.3517,11.1700,11.3248,11.3945,11.6219,11.7665,11.9092,11.8006,11.5807,10.9391,10.7864,10.5820,10.4060,10.2256,9.9589,9.9039,10.0100,10.0690,9.9860,9.9019,9.9768,9.8092,9.6227,9.5379,9.3959,9.3500,9.4079,9.1848,9.0239,8.9163,8.9580,8.9294,8.9849,8.7775,9.0983,9.5483,9.6394,9.9052,9.8920,10.0800,10.1402,10.1625,9.9303,9.6402,9.4807,9.4213,9.5637,9.7104,9.7304,9.6186,9.3968,9.2078,9.0709,9.3065,9.3855,9.0507,8.7236,8.5211,8.4304,8.3143,7.9718,7.8813,7.7951,7.4990
0.2136,0.2886,0.1428,0.1222,0.1986,0.3033,0.2887,0.3094,0.0354,0.1515,0.2237,0.3636,0.4651,0.5645,0.6672,0.6591,0.6139,0.8330,0.9523,0.9320,1.1125,1.1985,1.1475,1.3337,1.3382,1.2864,1.5986,2.2449,2.5461,2.7913,2.8916,2.8065,2.6914,2.7045,2.8901,3.0187,3.1076,2.9900,2.9054,2.9825,2.8671,2.8831,2.8709,2.6627,2.0764,1.2487,0.9951,0.7987,0.8735,0.9240,0.7839,0.6251,0.2429,0.1956,0.2724,0.4453,0.5732,0.4821,0.4703,0.5331,0.6541,0.6384,0.5078,0.6787,1.1988,1.4570,1.8219,2.1453,2.2005,2.1908,2.1260,2.1114,2.2573,2.4718,2.5164,2.3628,2.3083,2.3109,2.5257,2.6648,2.8571,3.2140,2.9976,2.9511,2.8792,2.8522,2.7701,3.0352,2.8952,2.9178,2.7380,2.4984,2.5674,2.6199,2.6418,2.6057
0.3165,0.4005,0.3865,0.6455,0.8507,0.9620,1.2773,1.8842,2.2536,2.2077,2.2079,2.1628,2.3216,2.5538,2.8784,2.9765,2.7545,2.5846,2.9768,3.0327,3.0103,2.8996,3.1416,3.2397,3.2913,3.6945,3.8746,4.3966,4.5330,4.6534,4.8249,4.8282,4.7858,4.8326,4.6371,4.6928,4.4365,4.5798,4.5613,4.5028,4.3046,4.3292,4.6592,4.6008,4.6410,4.6371,4.4103,4.2673,3.9341,3.5451,3.3804,3.4983,3.4004,3.3867,3.4352,3.4885,3.4037,3.7164,4.0813,4.1717,4.4651,4.4815,4.4438,4.5182,4.6847,4.5326,4.2960,4.0829,4.4066,4.4971,4.4803,4.3427,4.0973,3.8633,3.8717,3.7788,3.7500,3.9038,4.3146,4.6331,4.7336,4.7525,4.7318,4.5303,4.3103,3.7584,3.3147,3.1805,3.4159,2.8532,2.8529,2.9753,3.2744,3.4944,3.7739,4.1955
33.8364,33.3950,32.6087,32.3248,31.6194,30.8947,30.4497,29.7245,28.8259,28.7691,28.8459,28.2297,27.2710,27.2394,27.0949,26.8076,26.3081,24.8498,24.7621,24.8841,25.1359,24.9977,24.7621,24.7647,24.9296,24.4407,24.3100,24.1769,23.9852,23.7882,23.2258,22.0327,21.0825,20.8496,20.4060,20.1980,19.7234,18.8016,17.9163,17.7304,18.1898,18.5030,19.0230,19.4151,19.3781,19.3349,19.6164,19.3050,18.9814,18.9088,19.0201,18.8171,18.4804,18.9394,19.0379,18.3372,18.3231,18.6663,18.8579,18.3818,18.1796,18.3792,18.6359,18.3581,18.2835,18.4907,17.9900,17.1486,16.2314,15.8099,15.4825,15.3487,15.2682,15.8211,16.5824,16.6924,16.4024,15.9894,15.9915,15.6688,15.2627,15.2443,14.5816,15.0761,14.6337,13.9665,13.9463,13.5191,13.3441,13.1513,13.2622,14.1271,15.4345,15.8349,16.7458,16.8568
87.0989,86.2455,85.2733,84.3311,83.6246,82.7910,81.7298,80.4679,78.8549,77.3273,75.9854,74.6368,73.3864,72.3786,71.4138,70.9089,69.9162,69.3128,68.6598,67.4715,66.1494,65.5143,65.1084,64.6559,63.3199,62.6753,62.0655,61.8493,60.9836,60.1898,58.9198,58.2471,57.0334,55.2703,54.6747,54.2746,54.0183,53.3154,52.5710,52.4260,52.0733,52.1221,51.9512,52.4709,52.4087,51.5890,50.9284,50.6749,50.2657,50.0795,49.3430,47.7969,46.5401,45.3204,44.0190,44.1099,44.2001,44.4635,44.0132,43.1664,43.4087,43.5457,43.8418,43.2102,43.5289,43.5447,42.9235,42.1671,40.9438,40.3639,40.0567,40.3397,40.7721,40.9806,40.6643,40.4416,39.7179,40.5474,40.9149,40.3756,39.4539,39.5265,38.5839,38.7518,38.5541,38.4961,38.4379,38.2902,38.4628,38.9059,39.1528,39.0686,38.6217,39.3983,39.1527,38.4976
73.8007,73.1546,71.7185,71.2399,70.7628,69.7524,68.7589,68.3274,66.8083,66.0469,65.4598,63.5748,61.9808,60.0955,58.8014,58.0261,56.8883,56.2320,56.6815,56.3048,55.3977,54.1112,53.4124,52.4875,50.9609,50.3041,50.4429,50.6790,50.4007,50.4860,51.0727,50.9031,50.9450,50.8013,50.2095,50.0252,49.5909,48.9680,48.1885,48.0711,47.9688,47.0794,46.6982,45.1627,43.2165,42.9520,43.6908,44.4769,44.5802,43.6275,42.2650,41.6322,40.3995,39.3275,38.1969,37.3843,37.1731,36.5290,35.3938,33.6215,33.3923,32.9992,33.4089,33.5517,33.9607,33.7906,34.1472,33.6950,32.5329,32.5009,32.5348,32.6037,34.1537,34.3424,34.0840,34.2486,35.0184,36.2193,36.3905,36.2853,35.8659,36.8272,37.4292,38.3897,39.0773,39.4824,38.9753,37.7826,35.4028,33.3839,33.4145,34.0718,34.1958,34.4657,34.1668,34.2130
40.7923,40.5821,39.6408,38.5932,38.8450,39.2714,39.0222,39.0441,37.3645,35.9630,34.6621,33.6239,33.2467,32.7027,31.9270,31.2554,31.0286,32.1081,32.3572,31.1484,30.7531,31.0372,31.7102,31.1305,31.9246,32.9737,33.7319,34.5120,34.9156,33.7262,33.8509,33.2738,31.9448,31.5323,30.9143,30.0632,29.6752,29.4633,29.0948,26.8281,25.2945,23.6885,24.1740,25.4165,27.1149,26.8396,26.7708,26.8404,26.7419,25.1021,25.0670,25.3630,23.8847,22.5853,21.4092,21.8010,21.5626,20.6808,18.7342,18.3970,18.3761,18.3106,18.3012,19.4678,21.1869,21.1767,21.2577,21.0369,20.2830,20.8788,20.7371,19.8564,20.0295,20.6183,21.4935,21.8616,21.3352,22.3000,23.4631,24.1293,23.3704,23.8411,23.5743,22.4856,21.0556,20.0050,20.0607,20.5953,20.7881,21.2261,21.7047,21.3385,21.2400,21.9309,23.3509,24.9741
4.2487,4.1769,3.2455,3.4460,3.4542,3.1352,2.9734,2.8948,2.0432,1.7803,1.9484,2.0764,1.7521,2.1102,2.6832,3.5396,3.3245,3.0472,3.4581,3.9577,4.7602,5.1854,5.6371,5.6665,6.0115,6.6615,6.6700,7.1503,7.3800,8.1967,7.9574,7.6543,6.6328,6.2614,5.2289,5.4815,5.1465,4.8707,4.7477,4.7084,6.1092,6.1352,6.5153,5.5062,5.0355,5.2255,5.4242,5.4732,7.1462,8.8228,8.8200,8.4996,7.5693,7.4705,7.0913,6.6798,6.5165,6.5728,5.9608,4.6343,3.4636,2.8091,2.9084,3.4682,3.8706,3.9760,5.3192,6.1438,4.9698,3.9599,2.9052,3.2542,4.0904,4.7584,4.8964,5.8922,6.1380,6.8316,7.7235,7.9359,8.5128,9.9253,10.3204,10.3337,11.0900,12.3110,12.4762,13.1341,13.1894,14.2318,14.4793,14.6098,14.7269,15.1456,16.1274,16.8849
0.0499,0.0000,0.0000,0.0000,0.0000,0.0000,0.0000,0.0000,0.0000,0.3509,0.7860,0.8969,0.3394,0.1136,0.5569,0.3991,0.1403,0.8870,1.9788,2.5697,2.5976,2.6937,3.0600,3.6969,4.7294,5.3939,5.2324,4.7464,4.6876,4.8371,4.9098,4.8075,4.3594,5.2061,5.9939,6.4295,5.9636,6.4142,6.4066,5.9739,6.5849,6.4027,5.9799,5.5093,4.8861,5.0962,5.3773,5.7046,6.2909,6.7984,6.5525,6.8217,6.7254,6.8300,6.9438,7.4003,6.9820,6.7987,6.3472,5.2477,4.7001,4.6330,5.4703,5.7341,5.5459,4.9904,4.1506,3.9841,4.4007,4.4941,4.6712,4.7720,4.7970,4.9303,4.7823,4.8926,5.4728,6.6247,7.6504,8.4840,8.7266,10.0643,11.2227,11.7603,11.5746,12.1732,12.6139,14.0741,14.8344,14.9168,14.5237,14.5165,14.5723,14.2870,14.3389,14.3431
21.9797,21.5537,21.1065,21.1165,21.1860,21.1058,20.5882,20.2669,20.3522,20.3891,19.9109,20.1657,20.9084,20.7744,20.1096,19.1470,18.7666,19.1385,19.7373,19.8904,19.2442,18.8933,18.9208,18.6397,19.0696,19.2308,19.4414,20.4241,20.7458,21.0659,20.5884,19.7377,19.2619,18.8611,18.8593,19.0790,18.7117,18.1415,18.4001,17.6882,16.9724,16.5938,16.6279,16.2574,15.5687,15.3487,15.0668,16.3071,16.4397,16.7503,16.4870,15.2977,14.2869,14.4325,15.2935,16.4096,17.4074,18.2562,17.9863,17.9384,17.7363,17.3463,16.9515,16.9926,17.8649,18.4333,18.3260,17.5020,16.8385,17.0872,17.3594,17.9201,19.4446,19.8823,19.6554,19.6332,19.6971,19.1292,18.1972,17.9153,17.8461,17.8857,18.2635,18.4277,17.7438,16.7709,16.6271,17.2978,17.7124,17.9135,17.5147,17.1961,17.5234,17.7332,17.8392,17.9333
40.7558,40.7202,40.7951,40.7777,41.2911,41.3502,41.7731,41.5204,40.9318,40.6850,40.2919,39.3448,38.9066,38.5892,38.1306,38.4423,38.2914,37.8448,37.5416,37.1009,37.0485,36.7589,35.8174,35.5542,35.4703,36.1980,35.9264,36.6113,37.0670,36.8823,36.4192,36.0258,35.9188,35.6995,35.3627,34.9418,34.7982,34.1089,33.6556,32.7649,32.1474,31.7450,31.7623,31.6042,31.1104,30.7866,30.5191,30.0092,29.6979,30.3375,30.1701,30.0429,29.0710,28.1127,27.5689,27.8957,28.1004,28.0703,27.3666,27.0027,26.8262,26.7143,26.7013,26.6762,26.7681,27.1225,27.1410,27.0796,27.2866,27.5788,27.8128,28.5047,29.4162,29.5940,29.5260,28.9382,28.6506,28.9091,28.6953,28.8684,28.6897,29.0975,29.2391,29.5982,29.6070,28.3018,27.5364,26.5761,25.6105,24.4351,23.9753,23.3098,22.7718,22.6959,22.0759,22.2750
74.9495,74.1452,73.1932,72.3418,71.8293,71.2729,70.2719,69.1291,68.0549,66.3442,64.8745,63.7314,62.1946,60.4500,59.4970,58.9605,57.9124,57.2638,56.4892,55.6034,54.4186,53.6915,53.0174,52.5359,52.5198,52.0531,51.1501,50.2447,49.5537,50.0167,50.5230,51.2710,51.5725,50.7090,49.4608,48.5454,48.1308,47.9176,47.5467,46.7412,46.8297,46.6445,46.5229,46.0804,46.4107,46.3262,45.9114,45.6349,45.5541,45.1257,44.9085,44.7785,45.1248,45.1130,43.6965,42.6318,40.5561,38.2131,36.8706,36.1735,35.9076,35.5446,34.8300,34.1924,33.4538,32.9498,32.7108,33.5386,33.7000,33.2144,32.8943,33.0132,33.2086,33.9774,34.5760,35.5034,36.1139,36.5057,36.2711,35.9964,37.1527,38.0669,38.6752,38.6006,38.5397,38.3070,37.2901,37.1023,37.2744,36.9517,37.4532,37.9809,36.8469,36.2744,35.1860,33.6090
2.7232,2.9690,2.9978,3.4410,3.5489,3.3214,3.2426,3.3830,2.0506,1.3652,1.0837,1.3007,1.7596,1.5660,1.0679,0.3581,0.0000,0.0000,0.2747,0.0000,0.4188,0.0000,0.0000,0.0000,0.4916,1.4313,2.1302,2.4934,3.4043,4.5388,5.4002,5.2324,5.4262,6.0156,6.8073,8.2821,9.2568,9.6082,9.9412,9.2459,9.9276,10.6973,10.3183,10.5090,10.1170,9.3300,7.8371,6.8480,6.9412,6.8149,6.5820,6.5839,5.5722,4.6264,4.8795,4.7220,4.2360,3.2073,2.9855,2.2561,2.0481,2.2628,1.3817,1.4789,1.7991,0.9801,0.8936,0.1032,1.5214,2.5121,2.2256,2.5463,3.7451,4.1364,4.8062,6.6911,8.2145,8.6882,8.7378,10.7326,11.8409,13.4212,13.4963,13.7318,13.6253,12.8475,12.0480,11.9245,11.9976,11.8765,11.7178,11.3854,11.2660,10.1802,10.0485,10.0389
0.4397,0.5087,0.0000,0.0000,0.0000,0.0000,0.0000,0.0000,0.0000,0.2619,0.0000,0.0000,0.0000,0.0000,0.0000,0.0000,0.0000,0.0000,0.0000,0.0000,0.0000,0.0000,0.0000,0.2634,1.3625,1.8783,2.6108,3.0989,3.5961,4.1558,5.2084,5.7062,5.7179,5.7725,6.1311,6.2742,6.4247,6.0919,5.4155,4.5778,5.0442,4.5285,4.6393,4.8701,5.1698,5.2457,4.7587,4.5485,4.7090,4.4242,4.0804,3.5883,2.7396,2.5806,2.9349,3.2125,3.1708,3.2249,3.7808,4.5086,4.4287,4.6438,4.7471,5.4053,6.0893,6.1525,6.3450,5.1251,4.2627,3.9075,4.5980,4.0800,4.1955,5.4698,6.0075,6.1338,6.4617,6.8022,6.7571,7.0385,8.3755,8.7268,8.6359,8.0225,7.2157,6.1688,6.0778,6.3015,6.4722,6.6589,6.1096,6.3685,6.7243,8.3649,9.8395,9.9426
0.6330,0.9192,0.6393,0.7473,1.0111,1.1714,1.2579,1.5460,1.9574,1.6672,1.9900,2.0642,2.0407,2.3324,2.3150,2.4595,2.3639,2.1475,2.0726,2.0403,2.0358,1.7070,1.8906,1.7334,1.4076,1.7814,1.7137,1.5790,1.8731,2.5270,2.3658,2.4337,3.0990,3.4690,3.4551,4.1362,4.7752,4.7660,4.9880,5.7712,6.5586,6.9920,7.0433,7.0149,6.9289,6.9020,6.3818,5.5239,5.6560,6.2514,6.0633,6.0332,6.4833,6.3859,6.2676,6.1506,6.0443,6.4983,6.4766,6.3309,6.3458,5.9937,5.6238,4.7467,4.3327,3.7398,3.3945,3.7586,3.9749,3.4271,3.0923,2.8744,2.3964,2.0617,1.9940,1.5955,1.2835,1.9383,1.8386,2.0325,2.0856,2.3204,2.1350,3.2185,4.7151,6.5245,7.2937,7.3096,7.1510,7.4221,8.3107,9.4217,9.6424,9.7106,9.7061,9.8497
66.1427,65.2088,64.0553,62.8148,61.6294,60.7522,59.6734,58.3574,57.1778,56.3813,54.6290,53.5071,52.8050,51.7319,50.5614,49.7038,49.0833,48.4764,47.9171,46.9813,45.7535,45.0295,44.5233,43.8179,43.0586,42.2246,41.8417,41.0155,40.5825,40.1474,39.8223,39.6003,39.3555,39.5862,39.5455,39.4649,39.3040,38.5547,37.7507,37.4351,36.8400,36.8695,37.2327,37.3640,38.1318,38.9787,38.6187,38.0840,37.5126,37.4715,37.4429,36.7912,36.1581,35.8608,35.0918,34.7566,34.3218,33.7956,32.9764,33.0430,33.1268,33.5732,33.4958,33.3051,33.8557,33.4361,33.4493,33.3004,33.1523,32.0622,31.3129,31.2557,31.2919,31.0183,30.3647,30.2132,29.7651,29.7761,30.0335,29.8991,29.7145,29.9870,29.8480,29.4318,28.4863,27.9438,27.4319,27.2286,27.4887,27.4000,28.1380,28.5035,28.1603,29.0369,29.4318,30.5807
12.2654,12.4507,12.4636,12.4082,12.6352,12.9124,12.6964,12.8240,12.8814,12.8236,12.2989,11.8397,12.0869,11.6386,11.2212,11.3356,10.8989,10.9444,10.9240,10.0488,9.5131,9.0897,8.8254,8.0557,7.0154,6.9256,6.7075,6.5136,6.0770,5.7370,5.5686,5.1939,4.8814,4.6517,5.0679,5.8163,6.2402,6.2885,6.5837,6.6134,6.7500,6.7901,6.7965,6.6911,6.4175,6.3285,6.5477,6.9972,7.2032,7.1911,6.8845,6.9623,6.9558,6.6789,6.3923,6.2780,5.9898,5.8942,6.4926,6.9461,7.3168,7.6510,8.0830,8.7416,9.5881,9.7601,10.0125,9.7440,9.3738,9.5361,9.2627,8.6085,7.7936,6.5608,5.3943,4.8594,4.6308,4.7378,4.2982,3.9705,3.8329,3.9842,4.2205,4.9308,5.4915,5.3623,5.3891,5.9822,6.7543,7.0658,7.4339,7.7870,8.6069,9.2619,9.2157,10.0845
0.2933,0.8540,0.9417,0.8873,1.3286,1.7101,1.8950,2.1930,2.0812,2.4703,2.8649,3.1454,3.4654,3.3603,3.5574,3.2898,2.9652,2.7221,2.5331,1.9724,1.6723,1.4128,0.9674,0.7599,1.0482,1.3837,1.3259,1.6671,2.0695,2.1214,2.5237,3.1942,3.1798,3.1143,3.0059,2.3609,2.5788,2.9882,3.0428,3.1706,2.9142,2.3303,2.1590,2.0220,1.5233,0.9123,0.9058,0.6606,0.6336,0.8735,1.1001,1.4962,1.0612,0.2178,0.0000,0.0000,0.0791,0.0537,0.4287,0.6828,1.1499,2.2586,3.1944,3.2844,4.1877,4.0719,4.3424,4.8246,4.6227,4.7240,4.0101,4.0520,4.2598,4.9151,4.5855,4.6494,4.6980,4.7519,4.8376,4.4555,4.1387,3.8268,3.1401,2.4354,1.8342,1.1415,1.4327,1.1785,1.1188,1.4271,1.9325,2.3540,2.5396,3.5201,4.3032,5.3099
3.7109,3.9717,3.8000,3.9475,4.2609,4.3862,4.5114,4.6661,4.9674,5.3686,5.4082,5.5095,5.7895,5.7978,5.9010,6.0396,6.1652,5.9848,5.6937,5.3405,5.7380,5.9245,5.7575,5.6621,5.4502,5.4855,5.1588,5.0070,5.3113,5.6066,5.6646,5.5113,5.7560,5.6021,5.3137,5.9316,5.8886,5.8741,5.7939,5.3884,5.4883,5.3781,5.4751,5.1057,5.2150,5.3122,5.0035,4.9159,4.7706,4.6238,4.4400,3.8462,3.2265,3.3471,3.1803,3.1935,3.6698,4.1101,4.5202,4.0679,4.3658,5.2065,6.2270,7.0624,7.7690,8.2694,8.7131,8.7868,8.7673,8.2169,7.4969,7.2250,6.7167,6.5106,6.0232,5.3860,4.8047,4.5959,3.7793,2.7630,1.7923,1.6120,1.1387,0.9392,0.1237,0.0000,0.0000,0.0000,0.2206,0.3074,0.9574,1.5964,2.8807,3.0886,3.6250,4.6792
20.6016,20.4852,20.6193,20.7557,20.4004,20.1582,20.1778,20.3193,20.1657,20.5768,21.1029,21.6824,21.6225,21.6619,21.7266,22.1964,21.6466,21.1072,21.0651,21.2166,21.0739,21.1237,21.2306,21.1168,20.6613,20.4535,20.2378,20.1410,19.4763,19.3165,19.1573,18.8289,18.9294,19.2972,19.4568,20.0294,20.4647,21.3562,21.1839,21.7098,21.7113,21.1504,20.3139,19.6164,19.9714,20.5877,20.9529,20.6194,20.3072,20.6570,20.8946,20.1914,19.6963,19.3392,19.6459,20.4625,20.4961,20.9296,20.3904,20.0076,20.6717,21.8073,22.1304,22.0559,22.1055,22.8597,23.0639,23.1436,22.5869,21.8645,21.2177,20.1669,19.6891,20.2839,20.2487,19.2424,18.3009,17.5687,17.1592,16.3970,16.0564,15.7512,15.6178,15.5527,15.2978,14.4209,14.1000,15.0722,15.1484,14.4086,14.0317,13.7963,14.2553,14.7218,14.5547,14.7534
0.2365,0.3085,0.2842,0.3282,0.6070,1.0996,1.0765,1.5665,1.5198,1.4866,1.9146,1.9906,2.0874,2.5977,2.7528,3.1815,2.9996,2.9645,3.5171,3.4551,2.9950,2.3504,1.8029,1.7650,2.0328,1.8594,1.7672,1.8901,2.1096,1.9683,2.0134,2.5511,2.2722,2.2827,2.2154,2.4033,3.3895,3.2570,3.1834,3.0962,3.1657,2.9461,2.7836,2.6138,2.4973,2.3051,1.5231,1.4321,1.7164,1.8311,2.0035,1.8801,1.2827,1.2813,1.2651,1.5681,1.9669,2.4959,3.8926,4.6492,5.6059,6.5164,6.3284,5.9602,6.1615,6.5401,6.7984,6.5520,6.1785,6.2216,6.5592,7.1938,7.6892,8.2522,8.0329,8.4222,8.7452,8.7021,8.3362,7.5948,7.0005,6.6727,6.8707,6.8994,7.0191,6.9593,6.9206,6.6998,6.8102,6.6001,6.3382,6.1773,5.7905,5.3256,5.1511,4.9557
70.9558,70.6442,70.1181,69.6306,69.3758,68.9830,68.2909,67.6241,66.8800,65.7495,65.1529,64.4372,63.7294,62.7345,62.0039,61.1717,60.1015,59.3130,58.7871,58.0959,57.8102,57.6645,57.2068,56.9585,56.1855,55.6124,54.9307,54.2653,54.1179,53.3808,53.8883,53.7668,53.0805,52.4070,51.5245,51.0636,50.7191,50.3547,49.6363,48.7052,48.7018,48.1505,47.7537,47.5316,47.0925,46.7651,45.8786,44.9602,44.1250,43.8102,43.2349,41.9595,40.9164,40.0587,39.8451,40.0569,39.9812,40.2793,41.0726,41.1804,41.2667,41.2390,41.2966,41.3130,41.9864,42.7082,43.1597,43.3545,43.6292,43.7947,43.5466,43.2461,43.5611,44.4087,44.9133,44.8643,44.5838,43.9536,43.3623,42.5263,41.6338,41.1554,40.4479,40.0870,39.0039,37.9567,37.3499,36.7154,35.6972,34.4360,33.7274,32.8107,31.6824,31.0044,30.6494,30.0072
73.9489,73.6126,73.4806,73.0348,72.6567,72.8709,72.7080,72.2291,71.2447,70.1139,69.2135,68.3098,66.3445,65.3523,65.0773,64.8831,63.7843,63.2318,62.9188,62.9167,62.3109,61.8940,61.2737,60.6583,60.1056,59.4936,58.8970,58.7757,58.0680,57.8562,57.7435,57.9045,57.6704,57.6293,57.5529,56.9723,56.2303,55.3696,53.9059,52.3774,52.0601,51.4466,50.1083,48.9089,48.0578,47.2650,46.7720,45.1962,44.7288,44.3472,43.9572,43.5391,42.8952,42.6534,43.0030,42.9023,42.7028,42.6719,42.0664,41.6884,41.9517,42.2215,41.5133,40.8108,40.8918,41.6716,43.1856,43.2648,43.1194,43.4578,43.6772,43.9513,44.6341,44.6281,44.5082,44.8884,45.3573,45.8298,45.5008,45.5498,45.6664,44.8432,44.6776,44.0465,42.8102,41.9109,41.3600,41.1935,40.2614,39.6092,39.6855,40.0477,40.0840,39.2481,37.5875,36.0449
57.8779,58.0808,58.0218,57.8753,57.2460,57.3256,56.6976,56.8916,56.0431,55.0994,54.9657,54.1457,53.4166,52.5114,52.1149,52.1703,51.6744,51.0297,50.9153,50.4570,50.5463,50.3073,50.6587,50.8294,50.3902,50.2554,49.7448,49.0776,48.1053,48.0922,47.5239,46.9231,46.2955,45.7097,44.3879,43.4443,43.1780,42.5636,42.2610,42.3197,42.8715,42.6568,41.8556,40.8620,40.9662,39.9984,39.8176,39.5534,39.8937,39.1217,39.4993,39.1126,38.5926,38.5283,38.9934,39.9443,40.4382,40.4693,39.1015,37.6612,37.2273,38.3762,38.2368,37.5317,37.3526,37.0742,36.7072,36.8301,36.3671,36.5778,36.2188,36.2144,35.4380,35.3938,35.0642,35.8128,35.8484,36.6677,36.9720,37.7300,36.7415,37.2993,36.8820,36.9666,37.6358,37.8014,37.1383,36.6446,36.4996,35.8487,35.7556,36.2685,37.6205,36.9019,35.9167,35.2440
29.4412,28.9252,27.8564,27.4298,27.7268,27.0971,26.1500,25.6143,25.6043,25.0007,24.0819,23.5548,23.3852,22.2811,21.5602,22.3902,23.2339,22.3864,22.0426,21.6973,20.9042,20.2443,20.4152,20.4486,19.7290,19.6520,19.4477,19.6096,19.6009,19.3066,19.5632,19.6762,18.9262,18.5681,18.5593,18.1575,18.6034,17.9395,17.0882,16.6005,17.3120,16.3150,15.5680,14.9643,14.9159,15.0385,14.6998,14.9403,15.4383,16.8563,16.8375,15.8849,14.2458,13.7075,14.2111,13.9225,13.1579,12.8242,13.0931,13.9174,14.6845,14.4832,13.8856,12.8314,13.4188,13.1423,13.2264,13.4774,13.4232,13.6526,14.4700,15.5801,16.7779,17.9105,16.8697,16.5532,16.9373,18.2263,19.3284,20.1603,19.8158,20.3325,20.8266,21.6304,21.6173,21.7103,21.6553,21.8754,22.4449,23.1289,24.8832,25.5080,25.1456,25.1074,25.2577,23.6645
76.7727,76.0899,75.1413,74.5557,74.3473,73.8723,73.1065,72.1704,71.3681,70.1463,69.5708,68.8390,67.0963,66.2432,65.4955,64.5130,63.1553,61.6495,61.9947,61.4742,61.0594,60.9525,60.7737,60.5325,61.4965,63.1225,63.5389,63.6725,62.6389,61.6665,61.1878,60.3955,59.9909,58.9116,57.5585,57.3256,57.1867,57.2613,56.5601,55.9022,56.5313,55.5746,53.9724,52.5041,52.0669,52.2137,52.4049,52.8029,52.7730,52.2455,52.1678,51.2362,50.4703,50.2409,50.2143,49.7106,49.1186,49.3462,48.7174,47.6219,48.1188,47.3751,46.5956,46.1120,46.8006,47.0127,46.7708,46.6446,46.0087,46.2779,46.9235,46.4653,46.7367,47.5157,47.8669,48.5097,49.2804,49.9003,49.2694,48.5033,48.4255,49.2792,49.2571,48.9744,48.2827,47.4347,45.8440,45.8261,45.5455,45.3882,45.2556,45.2539,45.0513,45.8383,45.6514,44.7627
31.0393,31.2310,30.7605,30.8985,31.3083,31.6663,31.8882,32.3618,32.0429,31.2956,31.6207,31.1873,31.4862,31.6417,31.4362,32.0075,32.5839,32.8512,32.4945,31.9562,32.1759,32.3535,32.4877,32.8474,33.3211,33.6597,32.8025,33.0215,32.3714,32.6097,32.9287,32.5642,31.7735,31.5356,30.7854,30.6131,29.7572,28.7793,28.0960,27.9348,28.7369,29.1320,29.5121,29.6139,29.9835,30.0872,30.1488,30.4873,31.5608,31.1431,30.8805,31.3501,31.8529,32.0075,32.2534,33.1285,33.2700,33.7720,33.7668,33.3508,33.9553,34.2096,33.6161,32.8972,32.8570,32.4330,31.6030,30.9146,30.3779,30.7724,31.4436,31.3456,31.3477,30.9199,30.8905,30.2944,29.1865,29.3483,29.3297,28.6495,27.9817,28.1602,27.5257,27.4430,27.9692,27.7329,27.3429,28.6745,29.3996,29.0153,28.6020,29.3277,29.5333,29.2253,29.5749,30.8300
0.8083,1.1855,1.0895,0.9910,1.5679,1.8275,1.7991,1.9487,1.8189,2.3455,2.3997,2.2023,2.0904,2.1237,2.5764,3.1865,3.2364,2.8316,3.6033,4.2245,4.7436,4.8966,5.1985,5.5983,5.7481,6.0159,5.8654,6.0661,5.5247,5.8906,5.9099,5.8908,5.3555,5.7527,6.9539,7.9345,8.0161,8.2052,7.7386,7.9027,8.0992,7.8475,8.0018,7.1864,7.1219,7.0670,6.9562,7.3690,7.8891,9.2840,10.0441,10.4179,10.0735,10.1018,9.9292,10.1240,10.1612,9.6801,9.2256,8.4439,8.1922,8.0282,7.7584,7.3687,8.0086,8.4793,8.6776,10.0280,10.4644,10.5406,10.6456,11.2398,12.0637,12.0087,11.2332,10.8011,10.9153,11.5980,12.1502,11.8644,12.5383,13.8586,13.5081,13.1312,11.9385,11.5485,11.2326,11.6106,12.0641,11.8751,11.7733,11.2106,11.5899,12.7710,12.9387,12.8833
8.7045,8.7992,8.6481,8.3325,8.6872,8.6468,8.5555,8.7959,9.1603,8.7900,8.8889,9.2872,9.4402,9.3279,9.6409,9.8080,9.8764,9.4610,9.6744,9.9161,9.8603,9.5357,9.1455,9.2074,9.5274,9.7252,10.2318,10.6198,10.8093,10.6756,11.3418,11.6402,11.4120,11.5214,11.0590,10.9346,10.7131,10.6002,10.6781,10.4901,11.1865,11.2228,11.1589,10.7132,11.2378,11.3386,11.2404,11.4545,11.4252,11.5558,11.9820,11.9864,11.5321,11.0911,11.6944,12.4406,12.5899,12.6376,12.8682,13.1854,13.4980,14.0394,13.7846,13.6262,14.0377,14.0745,14.3772,14.8377,15.7492,16.8068,16.8035,16.8255,16.9525,17.2315,17.4224,17.3429,17.6557,17.6024,17.4305,16.7908,15.7241,14.9941,14.7321,15.1476,14.6093,14.1917,13.2705,13.1888,12.4141,11.8819,12.2959,12.4234,12.8316,12.3237,12.1100,12.0570
0.3515,0.3526,0.5018,0.5745,0.7463,0.9588,0.9375,1.0537,1.4594,1.7657,2.1756,2.5025,2.7884,3.1392,3.1077,3.3651,3.7951,3.9459,4.7182,4.8305,5.0535,5.0681,5.4804,6.5033,7.1519,7.1429,6.7062,6.6989,6.1350,6.3099,6.4340,6.4764,6.2269,6.2252,6.2471,6.0866,5.6640,5.7380,6.3152,6.1719,6.7283,7.1830,7.5385,7.4865,7.8276,7.8596,7.7739,8.2714,8.2535,8.2866,8.6365,8.9778,9.3013,9.7284,10.3426,10.4580,10.6310,11.2359,11.8212,12.5758,13.6993,14.3667,15.0309,15.0848,15.4955,15.9201,16.6189,17.2446,17.1545,17.3805,17.5319,17.5115,17.5686,17.5213,17.3501,17.3401,17.1421,16.1140,15.6916,15.0613,14.7814,14.5141,13.8546,13.5584,13.0623,12.3337,11.6058,11.8345,11.7441,11.8113,11.9929,12.1764,12.7808,13.3964,13.8168,13.9026
0.2889,0.2988,0.3445,0.1791,0.1904,0.1800,0.4742,0.7278,0.6968,0.8006,0.6908,0.8419,1.3433,1.5633,1.9719,2.1979,2.0267,1.6791,1.8781,2.4652,2.4531,2.4135,2.2706,2.4317,2.5300,2.7646,2.7887,2.6619,2.5225,2.4986,2.3604,2.1674,1.8961,1.9448,2.6169,2.7948,2.8001,2.6156,2.3124,2.4305,2.5696,2.2967,2.4536,2.7170,3.2235,3.2547,2.8252,2.2393,2.2405,2.4714,2.2463,1.9777,1.4285,1.4109,1.7141,1.8163,1.9966,2.1271,2.0395,2.0959,2.3984,2.8779,3.5364,4.1537,4.8974,5.1778,5.6010,6.2533,6.8577,6.9529,7.0877,7.3750,7.7825,8.1046,7.7124,7.3866,7.2357,7.1454,7.2815,6.8192,6.6957,6.7026,6.4964,6.4109,5.8760,5.1587,4.6845,4.4700,4.7749,4.8364,4.9223,5.3086,5.3499,5.1650,4.7554,4.9301
0.2077,0.2719,0.2777,0.2804,0.3521,0.1340,0.1815,0.2446,0.6373,0.5831,0.5014,0.4881,0.6233,0.6653,1.0251,1.0556,1.0563,0.9337,0.8957,0.9768,0.9502,0.9935,1.0780,1.2955,1.3788,1.1984,1.1161,0.7299,0.6413,0.9490,1.1232,1.1333,1.0500,0.8877,0.6381,0.4441,0.4175,0.4819,0.5372,0.7533,0.7573,0.9907,0.5899,0.2892,0.1146,0.2826,0.1319,0.1502,0.3743,0.3534,0.4948,0.4218,0.4767,0.5840,0.4385,0.6712,0.7882,0.9474,1.6715,1.9304,2.1942,2.2703,2.2741,2.2877,2.8478,3.5751,4.1246,4.4664,4.7964,5.1816,5.3641,5.6691,5.9920,6.3726,6.7121,6.8813,6.5901,6.5423,6.4262,5.8727,5.4369,4.9685,4.5539,4.2297,3.5128,3.1166,3.0195,2.9122,2.8246,2.4643,2.0516,1.6851,1.7865,2.1505,2.5082,2.7584
1.8082,1.7990,1.8770,1.8280,1.9551,2.1672,2.5249,2.6026,2.9106,2.9321,2.7104,2.9398,3.1821,3.3892,3.4379,3.5631,3.4979,3.6116,3.5371,3.4971,3.3050,3.1566,3.5030,3.8536,3.9156,3.6697,3.5773,3.5942,3.7879,3.8337,3.9753,3.9554,3.7146,3.5095,3.2210,2.9222,2.9690,2.8731,2.8212,2.9232,2.6769,2.7453,2.8161,3.2142,3.5182,3.6880,3.6156,3.2795,3.1020,3.3016,3.7385,3.6403,3.2999,3.5659,3.7600,4.0313,4.1308,4.1333,4.4745,4.4897,4.6540,4.7462,4.5337,4.4588,4.6520,4.9071,5.2742,5.5418,5.6861,6.0776,6.2613,6.2625,6.2186,6.7893,7.0132,6.7847,6.8790,6.6077,6.4824,5.9019,5.1282,4.7853,4.4912,4.0791,3.8089,3.4917,3.2555,2.8225,2.5193,2.1671,2.0164,2.0437,2.0465,1.8760,1.8677,1.9130
0.8316,1.1192,1.4460,1.4604,1.7223,2.1407,2.0884,2.0373,2.4259,2.7184,3.0609,3.6651,3.6702,3.7660,4.0532,4.8929,5.4129,5.5192,5.7032,6.3361,6.3285,5.9879,5.6991,5.5205,5.2719,5.2194,5.2176,5.4327,5.3300,4.8226,4.3615,4.0587,3.7309,3.9821,4.0980,4.2625,4.2178,3.9215,3.5299,3.3919,3.5317,3.4924,3.1405,3.1765,3.0353,2.7913,2.4998,2.3325,2.2347,2.2089,2.1564,2.4778,2.6151,2.9520,3.4220,3.7386,4.0139,4.2119,4.2047,4.0445,4.3825,4.9468,5.5144,5.8302,6.0496,6.2349,7.0584,7.5958,8.6356,9.1975,9.5237,9.4873,9.3119,8.6601,7.7589,6.6329,6.1536,5.7513,5.5212,5.7395,5.6450,5.4461,5.2011,4.6814,4.2586,4.0115,3.7909,3.2258,2.7547,2.3439,1.8910,1.5578,1.1718,1.2821,1.4373,1.3474
0.3277,0.3767,0.3510,0.3786,0.4187,0.7335,0.8649,0.9788,0.9701,0.8700,1.1243,1.4740,1.7597,2.2994,2.5320,2.6094,2.8411,2.7365,2.7728,3.0242,3.2415,3.1158,3.4100,3.4634,3.0176,2.7080,2.1697,1.6137,1.3338,1.5237,1.8141,1.8484,1.9119,1.8089,1.6981,1.5767,1.6101,1.3787,1.1911,1.3853,1.9376,2.4950,2.5262,2.2555,2.0854,1.8300,1.4302,1.1662,1.1267,0.8441,0.6983,0.4729,0.6360,0.9202,1.4385,1.6829,1.7254,1.5763,1.6960,1.7668,2.1136,2.7048,3.0215,3.2459,4.0369,4.7619,5.3403,6.1040,6.5975,6.6647,6.7059,6.7868,6.8162,6.6089,5.8230,5.2115,4.8019,4.6138,4.5748,4.1202,3.7443,3.4162,3.3281,3.5894,3.3250,3.1111,2.9731,2.5109,2.0983,1.6515,1.5417,1.3559,1.0572,1.1533,1.2472,1.2680
7.8983,7.8322,7.6571,7.6330,7.2419,7.1078,7.1612,6.9283,7.0128,6.9076,6.8198,6.8312,6.8224,6.5198,6.5096,6.7194,6.9477,6.8830,6.8189,6.9231,6.4661,6.4240,6.3702,6.4298,6.4752,6.1599,5.9111,5.4885,5.5002,5.5121,5.3890,4.9340,4.8329,4.5262,4.3111,4.4006,4.3574,4.4048,4.2449,4.4267,4.5408,4.4286,4.4682,4.5180,4.4114,4.1867,3.8278,3.6923,3.3059,3.1497,3.4962,3.8810,4.1806,4.0192,3.6488,3.3082,2.7824,2.8160,3.2017,3.3504,3.8160,4.3051,4.4848,4.5780,4.9548,5.4033,5.9366,6.4633,6.8529,7.4083,7.3296,7.4488,7.5892,7.8521,7.8975,7.9314,7.5897,7.1174,6.4101,6.0943,5.8624,6.1657,6.1108,6.0065,5.5541,5.1315,4.4989,4.3332,4.5703,4.8564,4.9921,5.3180,4.8772,4.5888,4.4603,4.3685
25.5840,25.3590,25.1640,24.9669,25.1042,24.9424,24.6190,24.3358,24.1243,23.9073,23.7367,23.4521,23.1355,22.5611,22.3060,22.2506,21.9983,21.9696,21.8162,21.5275,20.9952,20.8694,20.4949,20.8531,20.6053,20.2821,20.4235,20.4881,20.6311,20.4442,19.6464,18.6788,18.4323,18.5815,18.4567,18.3965,18.4470,18.5840,18.6549,18.6560,18.5002,18.4132,17.8957,17.4566,17.1599,16.6830,16.5639,16.4642,16.8150,17.1112,17.0968,17.1142,16.9028,16.5036,16.3160,16.3832,15.7348,15.6799,15.3851,15.1591,15.0775,14.9703,15.2670,15.1871,15.5315,15.8459,16.0706,15.9985,16.2780,16.5063,16.8070,17.4698,17.9196,17.8294,17.8055,17.6141,16.8404,16.7375,16.8376,17.0640,17.0227,16.8577,16.5946,16.2869,16.3166,16.1639,16.2303,15.8332,15.3476,15.2532,14.6802,14.1513,13.3465,13.1168,13.0870,12.5554
9.6028,9.4255,9.3940,9.2623,8.9507,8.5537,8.4776,8.2274,7.6863,7.4234,7.1702,7.1794,7.1811,6.7771,6.8117,7.0141,6.8629,6.8197,6.6258,6.6232,6.4438,6.2685,6.5812,6.8708,7.1892,6.9641,6.5936,6.4897,6.5373,6.7470,6.9220,6.9616,7.0388,7.0751,6.6243,6.4282,6.3753,6.5580,6.5641,6.7027,6.6068,6.6574,6.7475,6.8502,6.7769,6.8226,6.6543,6.4440,6.4850,6.5592,6.4533,6.3350,6.1411,6.0754,6.1373,6.1080,5.6227,4.8971,4.3042,3.8036,3.8368,4.0188,4.2087,3.9239,3.8746,3.6338,3.9160,4.2098,4.4300,4.9340,5.0836,5.1878,5.6231,5.7296,5.5290,5.8813,6.2909,6.5373,6.6517,6.7526,6.8606,6.7975,6.9706,7.3128,7.4213,7.4488,7.2326,7.2500,7.1216,7.3172,7.6610,7.6311,7.2112,7.0308,6.7845,6.5756
0.2479,0.2476,0.1116,0.0000,0.0000,0.0000,0.0000,0.0000,0.0000,0.0000,0.0000,0.0000,0.0000,0.0000,0.0000,0.0000,0.0000,0.0000,0.0000,0.0257,0.2723,0.4793,0.2890,0.5227,0.8214,0.6238,0.5580,0.2871,0.2613,0.1908,0.3149,0.3481,0.5421,0.7558,0.7129,0.9242,1.2219,1.5810,1.6268,1.6073,1.6617,1.5586,1.6416,1.9415,1.8625,1.8742,1.7477,1.7813,1.6543,1.6004,1.5932,1.6492,1.8214,2.2972,2.3385,1.5961,0.9107,0.5214,0.5777,0.6196,0.5140,0.5489,0.3435,0.2641,0.6096,0.7544,1.0035,1.2167,1.3616,1.1282,1.1704,1.1984,1.1911,1.2046,1.5728,1.5747,1.3138,1.6125,1.6972,1.6806,1.9581,2.1417,2.4424,2.8724,3.0118,3.0162,3.4374,3.7366,4.1527,4.3643,4.6109,4.4489,4.5220,4.0620,3.8323,3.5318
0.3090,0.1721,0.0310,0.0000,0.0000,0.0000,0.0000,0.0000,0.0000,0.0000,0.0000,0.0000,0.0661,0.0000,0.0000,0.0000,0.0271,0.0108,0.0000,0.0000,0.0596,0.0407,0.0065,0.0077,0.0903,0.2259,0.4283,0.7357,0.4599,0.4663,0.5993,0.6147,0.5352,0.4429,0.4506,0.8070,1.0930,0.9006,0.8373,1.0782,1.1819,1.1373,1.3838,1.8687,2.0287,1.9949,2.0724,2.1883,2.1965,2.1561,2.1646,1.8851,1.6858,1.7485,1.9179,1.7781,1.5986,1.5186,1.6198,1.4333,0.8913,0.6013,0.4332,0.2114,0.4239,0.6485,0.6266,0.4516,0.5182,0.7064,0.5197,0.8910,1.0462,1.3279,1.4942,1.4030,1.4765,1.6786,1.9302,2.2044,2.3298,2.7093,3.3245,3.7339,4.1814,4.5884,4.9188,4.9319,4.7180,4.8227,4.6845,4.5761,4.5777,4.5889,4.3465,3.9761
0.4729,0.5142,0.5622,0.6035,0.6950,0.6619,0.7342,0.6933,0.7751,0.7966,0.7665,0.7805,0.7262,0.7889,0.9123,0.9319,0.9907,0.8626,0.8508,1.0100,1.1933,1.2594,1.2810,1.3271,1.5994,1.6642,1.6407,1.5460,1.4186,1.5581,1.7066,1.8673,1.7480,1.6995,1.7397,1.8692,1.9170,1.8963,1.7382,1.8394,2.0726,2.1686,2.0259,2.1405,2.2429,2.3351,2.3171,2.4370,2.6107,2.7211,2.7137,2.5269,2.5991,2.8132,2.7156,2.6348,2.5346,2.4866,2.6316,2.5089,2.4304,2.3117,2.2113,2.2578,2.5466,2.6428,2.6393,2.5919,2.8020,2.7351,2.5442,2.4434,2.4224,2.3807,2.4030,2.3154,2.4276,2.4955,2.6093,2.6678,2.5283,2.5950,2.7590,2.8840,2.8696,3.2052,3.4205,3.6034,3.6606,3.7140,4.0499,4.4060,4.5048,4.6041,4.6606,4.7698
0.3895,0.4019,0.4231,0.3915,0.4537,0.4879,0.5626,0.5567,0.5122,0.4696,0.4909,0.6207,0.6352,0.6544,0.6753,0.7348,0.7251,0.7626,0.7889,0.7605,0.7754,0.8635,0.8906,0.9248,0.9455,0.9375,0.9890,1.0455,1.1420,1.1665,1.2089,1.2180,1.2346,1.2947,1.2380,1.3298,1.4357,1.3667,1.2810,1.3398,1.3712,1.4439,1.4880,1.5209,1.6102,1.7057,1.7537,1.7213,1.7296,1.7879,1.8997,1.8377,1.7550,1.7318,1.6948,1.7166,1.6958,1.6843,1.7276,1.6845,1.7211,1.7875,1.7425,1.7419,1.7388,1.8029,1.8221,1.8175,1.8240,1.8277,1.7444,1.6898,1.6366,1.7898,1.8635,1.8493,1.9016,1.9748,2.0800,1.9858,1.8749,1.8666,1.8428,1.8740,1.7261,1.6867,1.7169,1.8248,1.8593,1.9190,2.0483,2.1612,2.1568,2.1344,2.3022,2.3981
0.2433,0.2443,0.2797,0.2937,0.3222,0.3848,0.3900,0.4217,0.4711,0.4957,0.4461,0.4593,0.4726,0.5257,0.5600,0.5974,0.6365,0.6746,0.7531,0.8031,0.7808,0.7953,0.7555,0.7640,0.8301,0.8723,0.9333,0.9790,0.9954,1.0070,1.0497,1.1111,1.0790,1.0336,0.9359,1.0040,1.0957,1.0875,1.0067,0.9269,0.9033,0.8705,0.8497,0.8949,0.8630,0.9186,0.9556,0.9886,1.0345,1.1151,1.1713,1.1291,1.1104,1.1758,1.1658,1.1867,1.1749,1.1025,1.2279,1.2250,1.3161,1.3895,1.3385,1.3597,1.3951,1.4298,1.4311,1.3603,1.2984,1.3414,1.3514,1.4269,1.3879,1.5713,1.5968,1.5792,1.6116,1.6958,1.7564,1.7282,1.7457,1.7801,1.7832,1.7864,1.7061,1.6906,1.6744,1.6370,1.6470,1.6709,1.6816,1.6753,1.6088,1.6571,1.7298,1.6558
0.3720,0.3870,0.3553,0.3650,0.3978,0.4327,0.4727,0.4889,0.4857,0.4318,0.4681,0.6268,0.6678,0.6389,0.6582,0.6683,0.6781,0.7684,0.8317,0.9156,1.0067,1.1263,1.1711,1.2113,1.2261,1.2683,1.2841,1.2565,1.2896,1.2620,1.3173,1.3059,1.2575,1.2337,1.1962,1.2497,1.2627,1.2282,1.2372,1.1987,1.1622,1.1686,1.1884,1.1910,1.2123,1.2253,1.2724,1.2896,1.2523,1.2732,1.3037,1.2358,1.1988,1.1855,1.2768,1.3645,1.4636,1.4609,1.5230,1.4817,1.5541,1.6330,1.6089,1.6961,1.7528,1.7210,1.7086,1.6876,1.7562,1.8594,1.8774,1.9162,1.9217,2.0989,2.1274,1.9927,2.0591,2.1184,2.1068,2.0158,1.9485,1.9365,1.9344,2.0050,1.8967,1.8307,1.7679,1.7452,1.6799,1.6335,1.5847,1.5749,1.5434,1.4600,1.4947,1.5090
35.4198,35.2753,34.5338,34.3382,34.3844,34.1371,33.5532,33.2697,33.3739,32.9921,32.3996,31.8972,31.7412,31.1839,30.3018,29.3861,29.3428,29.7595,29.9478,29.6026,29.0210,28.7008,27.9200,27.8456,27.4315,27.7495,27.7098,27.7494,27.5319,27.0697,26.8424,26.8634,27.1072,27.2266,27.0146,26.5436,26.0825,25.5245,25.1835,24.6943,24.2750,23.8896,23.6024,23.1760,22.1538,22.0824,22.1144,22.5407,22.5684,22.4392,22.1039,21.6372,21.4382,21.3956,21.2986,21.3610,21.2929,20.9078,20.3901,19.8402,19.3798,18.8383,18.9184,18.9507,19.2663,19.3134,19.2521,19.4588,20.2179,20.6960,20.5458,20.5425,20.6140,20.6555,20.4144,20.3614,20.7734,20.9520,20.6552,20.3090,20.2041,20.0061,20.0121,19.9580,20.1775,20.4900,20.3387,19.5101,18.7248,17.9273,17.2265,16.4852,15.7084,15.6784,15.5478,15.1415
20.9496,21.0632,21.2183,21.6867,21.8795,21.8170,21.6171,21.5592,20.7789,20.1122,19.8795,20.0673,20.3719,20.2353,20.0568,19.9979,19.6722,19.5515,19.2175,19.4721,20.1216,20.3958,21.0082,21.4599,21.7868,21.8289,21.6790,21.6841,22.0417,22.4605,22.6783,21.5462,20.9889,20.3331,19.7093,19.5413,19.1175,18.5376,17.7909,16.8967,16.2098,16.0448,15.7940,15.4074,14.7714,14.6751,14.5156,14.4380,14.2161,13.9266,13.8996,13.8294,13.6535,13.1167,13.4266,13.8520,14.4440,14.1335,13.8270,13.4211,13.3492,13.4746,13.5898,14.1283,15.0954,15.2621,16.0311,16.3790,16.1392,16.5338,17.3719,17.9925,18.6899,19.1724,19.4539,19.3577,19.6274,19.5992,19.2544,19.1201,18.6474,18.0084,17.5180,17.1492,16.1547,15.3931,14.6421,14.4432,13.4699,12.2260,11.5386,11.2410,11.2620,11.2896,10.6617,10.3069
66.0108,65.8061,64.9368,64.3121,63.3099,62.7991,61.8219,61.0894,60.2416,59.2132,58.7846,57.5831,55.6128,54.1871,53.7629,53.6292,52.6828,52.4883,52.2972,52.0372,51.6121,51.4757,51.1129,50.6407,50.3942,51.0435,51.1355,50.8998,50.1545,48.8662,48.1643,47.9738,47.8002,47.5014,46.2156,45.2953,44.0507,42.5518,41.7367,41.3160,41.8613,41.7018,40.7972,39.0675,38.9996,38.9522,38.1342,37.7181,36.8485,35.5943,35.8766,35.9655,36.3831,36.1848,35.5024,34.6762,34.4134,33.8811,32.8432,31.1389,30.6585,31.0241,30.7274,30.8256,31.2162,32.3913,32.9325,33.1224,33.6652,34.3591,33.7000,33.5134,33.2099,33.0561,33.4840,33.7353,33.5395,32.9000,31.7236,31.1257,30.4507,31.0397,30.6703,30.5432,29.8313,28.9137,28.5109,28.5437,28.4388,27.7190,27.4068,28.0664,28.8729,29.3587,29.2745,29.7255
62.0153,62.3446,61.5929,60.9269,60.4758,60.7956,60.5126,59.6354,58.3558,56.3224,55.5099,55.0520,54.4287,53.4975,53.3299,53.1388,52.5984,51.7712,51.3474,51.1911,50.4765,50.4369,50.2082,50.3771,49.3014,49.0007,47.7055,47.9751,48.5939,49.7596,50.5900,50.8423,50.7824,50.2909,51.3695,51.5961,51.6142,50.7103,50.1828,49.6966,49.2676,48.2382,46.8598,45.0957,43.8556,43.0540,41.8325,40.6569,40.9718,41.4493,41.3817,40.6257,38.6551,36.3561,35.4207,35.2622,35.7265,36.8377,35.8152,35.3484,35.2241,35.0282,34.3955,33.7355,34.6112,34.2529,34.3346,35.0013,35.1843,35.4222,34.9667,34.8095,35.5273,35.6713,34.9951,35.0596,35.4570,36.2137,37.3526,39.2844,40.5292,40.5035,39.1401,37.9167,37.5869,37.5376,37.1256,36.1621,34.4457,31.7470,30.7121,30.8506,30.7224,31.0489,30.7463,30.3342
0.0000,0.1414,0.0213,0.0000,0.4875,1.1643,1.2794,2.5075,2.2175,2.8108,2.7564,2.6904,2.2306,1.9298,1.2418,1.6210,1.5483,0.5759,1.1251,1.6235,2.8390,2.5310,2.2899,2.8815,3.8384,4.0488,4.7344,4.6534,4.6530,5.9920,6.9318,6.6323,5.8704,5.5584,6.1049,6.6958,7.1052,7.0086,6.5537,6.2152,6.0466,5.8781,4.8437,3.7275,3.5141,2.7725,2.5264,2.7172,3.7188,4.5619,4.9466,3.9631,3.9038,4.5282,4.6624,5.2452,4.1760,3.5603,4.2930,4.4215,4.7750,4.8665,4.4988,4.4754,6.0913,8.3206,9.3051,10.7675,11.8989,13.3603,13.5474,13.0673,13.6673,14.1770,14.1676,14.0707,13.8016,13.3508,12.3023,12.5716,11.7007,12.5878,13.2375,14.2521,12.6953,11.6395,10.5105,10.2330,9.7062,10.1849,10.3522,10.3033,9.9182,9.7512,8.8742,9.5253
0.1986,0.6187,0.4184,0.0383,0.3574,0.6116,0.6998,1.3424,2.0622,2.1698,1.6142,1.8338,1.3066,1.2599,1.9913,2.6837,2.8585,3.0663,3.3826,3.2617,3.6775,3.2874,3.7450,4.3364,4.1866,3.4129,2.6332,2.8879,3.0226,2.7587,3.6900,4.6412,4.1972,4.0891,4.4407,5.2493,6.1782,6.5668,6.7094,7.7276,7.6862,6.6599,6.1674,6.0277,6.1893,5.3357,4.7921,4.4597,4.9222,5.4006,6.5419,7.2100,6.9518,6.9989,6.6196,5.7938,4.1049,3.0882,2.9548,3.6740,4.6501,5.0806,4.7262,3.6765,4.7126,5.0577,4.6724,4.3001,3.9967,5.2238,6.2175,6.1515,6.5987,6.8300,6.8042,6.8272,7.1812,7.1509,7.1860,6.7904,7.3319,7.9336,7.5353,7.7528,7.8868,8.3794,9.1442,9.2436,9.8980,10.4210,11.5977,12.1231,11.5115,11.0875,11.6940,11.7026
0.2390,0.6847,0.0000,0.1682,0.1183,0.2743,0.7195,1.0647,0.9483,0.9330,1.1972,1.1544,1.7280,1.6657,1.0570,1.3799,1.8979,1.2590,1.3015,1.4052,1.7607,1.4378,1.5168,1.4822,1.5792,2.1285,2.9432,3.1214,2.8429,2.9092,3.3654,3.5798,3.7217,4.4445,4.1105,4.4895,4.8235,4.9510,4.1636,3.8194,4.3503,5.1449,6.1774,6.2589,6.3750,5.8495,5.1008,4.8085,4.3634,5.0050,5.6666,5.7354,4.9816,4.3116,3.8633,2.9321,2.9000,3.8567,4.5492,4.5482,4.6517,5.0084,4.8843,4.3933,4.8157,5.0222,5.6847,6.2155,5.9203,5.6430,5.3535,5.7290,6.6274,7.0435,7.3510,8.0595,8.2239,8.7939,9.2446,10.6768,11.3906,11.6425,11.4176,11.7453,11.6585,11.6771,11.6600,11.4362,11.5804,11.8687,12.9217,12.8426,12.4367,12.5438,13.2929,13.2620
0.5012,0.6021,0.5183,0.7473,0.7093,0.8382,1.1848,1.3571,1.6982,1.8700,1.9165,2.2015,2.2853,2.2950,2.4599,2.5586,2.6027,2.6281,2.9442,3.2810,3.5254,3.7515,3.8384,4.0988,4.0866,3.8543,3.7626,3.6493,3.3990,3.2604,3.2700,3.3832,3.6001,3.6463,3.5810,3.5332,3.3904,3.6311,3.6813,3.5938,3.5450,3.6774,3.6417,3.5535,3.7683,3.8088,4.2447,4.5109,4.6983,5.3254,5.9223,6.1607,6.0208,6.1301,6.4682,6.5370,6.3165,6.1246,6.1282,6.1223,6.4773,6.8800,7.0936,7.1580,7.5509,7.9558,8.2531,8.4497,8.5715,8.2977,7.9895,7.7016,7.6089,7.6441,7.2125,7.1672,6.7516,6.7417,6.8689,6.6141,6.6484,6.4243,6.4372,6.5531,6.4306,5.8890,5.3558,5.2936,4.8443,4.5423,4.5858,4.7582,4.9619,5.3000,5.2885,5.3089
8.9156,8.9616,9.0613,9.0724,9.0878,8.9067,8.7356,8.5785,8.4800,8.3645,8.5195,8.5287,8.5286,8.7152,8.6742,8.8306,8.8457,8.8207,8.7624,8.8323,8.8437,8.9859,8.9962,9.2390,9.4509,9.6257,9.3867,8.9842,8.9404,8.9026,8.9452,8.8734,8.8163,8.7765,8.6006,8.3419,8.1618,7.9647,8.0912,8.1645,8.3335,8.4025,8.3015,8.3437,8.3386,8.5785,8.5157,8.5391,8.2226,7.8486,7.7025,7.4346,7.1531,6.8123,6.5344,6.4296,6.2904,6.1568,6.4407,6.7507,7.0925,7.2513,7.0972,7.2433,7.6323,7.7481,7.8952,8.0338,8.0251,7.9803,7.7499,7.6751,7.5027,7.6480,7.8444,8.0166,8.2084,8.2011,7.7687,7.1606,6.7570,6.4217,6.2414,6.1081,5.6676,5.3074,4.8749,4.9293,5.0694,4.8117,4.6554,4.7932,4.8034,4.7102,4.7091,4.7176
9.5633,9.4382,9.2701,9.0878,8.9722,8.9171,8.5753,8.3711,8.2525,8.2343,8.1390,7.9098,7.6990,7.5184,7.5132,7.7181,7.9010,7.8335,8.0095,8.1079,8.1308,8.1426,8.1663,8.1328,7.9796,7.7107,7.6965,7.6944,7.5958,7.4443,7.2679,6.9075,6.7068,6.7230,6.7557,6.7684,6.5883,6.4035,6.5002,6.6174,6.3483,6.1850,6.0652,6.0385,5.9964,5.9630,5.9169,5.7837,5.6814,5.5463,5.4763,5.2019,5.0252,4.7562,4.5924,4.4362,4.0764,3.8397,4.1190,4.4592,4.8012,5.1072,5.4530,5.7710,5.9518,6.0433,6.1797,6.2214,6.2637,6.5022,6.8037,7.2104,7.3490,7.3562,7.2666,7.1213,7.0322,6.8490,6.7007,6.3628,6.2608,5.9398,5.3710,5.0501,4.5944,4.4066,4.4239,4.4082,4.5005,4.3881,4.2389,4.2456,4.2759,4.4713,4.5403,4.4481
0.3585,0.3659,0.2852,0.1812,0.2804,0.3688,0.4408,0.6118,0.6684,0.5803,0.7158,0.7477,0.7693,0.8477,0.9308,1.2047,1.1434,1.1169,1.2460,1.2073,1.3208,1.4486,1.6382,1.8565,1.9028,1.8774,1.8163,1.6148,1.3929,1.3764,1.5079,1.7291,1.8572,1.8448,2.0242,2.1851,2.2798,2.2784,2.2702,2.4465,2.5105,2.4162,2.3375,2.2759,2.1927,2.2010,2.2337,2.2004,2.1402,1.9968,1.7825,1.4997,1.3691,1.2125,1.1613,1.1432,1.2072,1.3844,1.5111,1.5057,1.6568,1.8029,1.9746,2.2308,2.6820,2.8190,2.7062,2.8594,3.0792,3.4276,3.6296,3.6663,3.6100,3.7282,3.6610,3.3871,3.3810,3.3747,3.3852,3.2362,3.0221,2.9878,2.7282,2.5201,2.3347,2.3118,2.2815,2.2581,2.2209,1.9834,1.9515,1.8845,1.8808,1.9970,2.0154,2.0946
0.1893,0.3008,0.4052,0.3696,0.4409,0.5349,0.6156,0.7565,0.7008,0.7864,0.8230,0.8554,0.8233,0.8937,1.0371,1.1179,1.1309,1.1151,1.2247,1.2531,1.1440,1.0133,0.8961,1.0270,1.1577,1.1287,1.0458,1.1141,1.1000,1.2926,1.5510,1.7242,1.8141,1.8595,1.8656,1.8193,1.6100,1.4825,1.2835,1.2465,1.3198,1.3700,1.4435,1.4367,1.5558,1.6206,1.6323,1.5051,1.5181,1.5668,1.5811,1.4415,1.2596,1.3238,1.4046,1.3708,1.2281,1.2607,1.3698,1.4407,1.7174,2.1295,2.4167,2.5534,2.7581,2.8414,3.1543,3.4131,3.5258,3.8724,3.8713,4.0224,4.0177,3.9734,4.0335,4.1009,4.2240,4.1429,4.2063,3.8648,3.7414,3.4990,3.0995,2.7565,2.3012,2.1226,2.0174,1.9390,1.7757,1.5730,1.7616,1.9607,1.9770,2.1591,2.5018,2.8071
0.3272,0.3746,0.4179,0.5560,0.6089,0.6961,0.7782,0.8742,0.9749,1.1575,1.1924,1.3108,1.3870,1.4288,1.5147,1.6034,1.6385,1.5292,1.5838,1.6107,1.7024,1.8284,1.7564,1.6912,1.7449,1.8613,1.9530,1.9370,1.8492,1.8658,1.9584,1.8236,1.5799,1.5785,1.6590,1.8150,1.7943,2.0318,2.0554,2.2338,2.1779,2.1027,1.9988,1.8309,1.8465,1.7894,1.8324,1.8123,1.8895,1.9902,2.0408,2.0082,2.1496,2.3784,2.4384,2.5604,2.5520,2.5980,2.7141,2.7091,2.7807,2.8002,2.8624,3.1112,3.5125,3.7761,3.9948,4.0743,4.2407,4.3020,4.1178,3.9782,3.8813,3.8515,3.7386,3.5683,3.3122,3.2006,3.0210,2.9322,2.7663,2.7242,2.7199,2.8285,2.6489,2.5363,2.4395,2.3989,2.3121,2.2176,2.2023,2.2751,2.3683,2.4192,2.5493,2.6929
62.0468,61.7042,60.9245,60.1658,59.7076,58.9453,57.5623,56.7219,55.8317,55.4280,55.2260,54.4702,53.0456,51.7267,51.0097,50.4021,50.0883,49.9804,49.8370,49.1165,48.2239,47.1059,46.0002,45.0324,43.9904,43.5067,43.2810,42.8459,41.8775,40.8901,40.3533,40.0069,39.5064,39.8238,39.9836,39.5988,39.1169,38.6329,38.1561,37.9261,38.0478,38.3522,37.7860,36.8521,36.0759,35.1664,34.9253,34.6145,34.5227,34.5330,34.4597,34.2949,34.2874,34.4577,34.5487,34.2442,33.6999,32.9197,31.7419,31.1329,31.3292,31.2344,31.1671,30.9057,30.4601,30.4293,31.3349,31.3544,32.0207,32.5666,32.5885,32.3125,31.3721,30.0079,28.9514,28.2111,28.3826,28.3537,28.2659,28.3641,27.9796,27.9169,27.5992,27.0917,26.9440,27.0690,27.4518,27.4764,27.0572,26.6222,25.9864,25.3115,24.5976,24.8224,24.7461,24.2601
50.1145,49.8535,49.3174,48.9372,48.5331,48.6519,48.0733,47.9671,47.3296,46.1737,45.5950,45.6828,45.4806,45.3635,44.9217,44.2785,43.4215,42.5162,41.8677,40.8559,40.9260,41.2229,39.8898,39.6845,39.4768,38.9373,37.7499,36.5385,36.3420,36.3776,36.6967,36.5361,36.9580,36.3708,36.2493,35.7590,35.4577,34.2092,33.0571,33.4900,33.8564,33.7311,33.6292,33.4133,32.4567,30.9989,29.3300,28.1386,28.6930,28.0099,27.6664,26.4452,25.9807,25.6601,25.2746,24.5254,24.9795,25.1270,24.8557,24.7819,26.0027,26.9736,27.2978,27.0757,27.9272,28.2972,28.6516,28.9468,29.2604,29.2146,28.4317,27.6632,27.1396,26.9716,26.4498,26.0309,25.4856,26.2629,26.6119,27.4317,27.5883,27.7162,27.5880,27.0277,26.6171,26.1425,25.2341,24.7394,24.1431,24.1227,24.1406,24.6537,24.5687,24.6540,25.1579,25.7370
52.2905,51.6589,50.5321,49.7049,49.8446,49.6968,47.9222,47.8816,46.9161,46.0558,45.3989,44.5433,44.3201,44.2214,43.6735,43.4279,43.2469,42.5135,41.9886,40.6124,40.2846,40.3792,39.1589,38.8971,38.9738,38.0041,37.1334,37.7573,38.1599,37.8019,37.8142,36.7183,36.1349,36.0276,35.7678,35.4560,34.5996,33.2324,31.5386,30.6026,30.6101,29.9844,30.0795,30.0399,29.2469,28.1152,27.0058,26.8626,27.5421,27.3426,26.3806,25.4485,24.6348,24.0155,22.7274,22.1706,21.6378,21.9031,22.1884,23.4274,24.8403,25.3453,25.6709,26.6347,28.9280,29.3630,29.4191,29.1993,27.5868,27.5788,27.1292,26.8694,25.8679,25.1611,24.3753,24.2441,25.1495,26.7686,27.3402,26.6141,26.2531,25.8196,26.0660,25.1084,23.5467,22.5810,22.7710,22.7955,23.1484,24.1883,24.5505,24.6870,24.2451,25.2908,26.5329,27.4388
0.0023,0.0519,0.0000,0.1340,0.1179,0.4269,0.6756,1.5584,1.1730,1.0835,1.2585,1.5438,1.2608,1.2519,1.1697,1.6930,1.8964,1.9254,1.6924,1.4062,1.1446,0.6485,1.2722,1.6389,2.3098,2.5001,2.3756,2.3773,2.7099,2.6783,2.3319,2.6148,1.7148,1.6715,1.7572,2.2821,2.0156,2.0072,2.5627,3.3316,2.8012,1.9350,1.4685,1.0930,0.6672,0.1163,0.0498,0.0000,0.0000,0.0000,0.0000,0.0000,0.0000,0.0000,0.0000,0.0000,0.0000,0.0000,0.0000,0.0000,0.0000,0.0456,1.3301,1.9923,3.2675,3.1418,2.7977,3.0383,3.6174,4.2165,4.3420,4.5090,4.7285,3.5213,2.9802,2.2357,2.3510,2.3381,1.5293,2.0551,2.7413,3.6626,3.5997,3.9336,4.1406,4.7990,5.2375,5.9469,6.2161,5.8296,6.3139,6.9115,7.2219,7.6488,7.5557,8.0094
0.5315,0.5269,0.0665,0.1291,0.5475,1.0836,1.5239,1.8516,1.4872,1.1968,1.6007,1.9322,1.8972,1.8697,1.9034,2.2861,2.2101,2.2071,2.2090,2.4635,2.6835,2.5276,2.0854,2.1307,2.6771,2.4429,1.9972,2.4659,2.9397,3.5401,4.4037,5.1145,4.7457,4.7450,4.5791,5.0374,5.4859,5.7045,5.4694,4.5081,4.0098,3.6847,3.8461,4.1088,4.5048,4.5982,4.1779,3.3809,3.0703,3.2926,4.0086,4.5760,4.4135,4.4574,4.1352,3.9735,3.3355,3.2582,4.5016,5.8412,7.3357,7.3200,7.1164,7.2369,7.7612,7.4714,7.2920,7.7292,7.4527,7.4330,7.8410,7.3594,7.8778,8.1435,8.7762,9.5127,10.6375,10.8056,10.8295,11.2869,11.1690,10.8215,10.2358,10.5740,10.8026,9.8667,9.5350,9.8632,10.9137,11.1228,11.4546,11.7477,12.1329,12.8260,12.5847,12.5231
8.0214,8.0853,8.0138,8.0924,8.4001,8.2262,8.1479,8.1611,8.2813,8.0667,8.0452,7.8926,7.7554,8.0316,8.6064,8.5091,8.5178,8.1623,7.7472,8.3220,8.2326,7.8707,7.7611,7.8404,8.4837,8.6354,8.7621,9.0168,9.1413,9.0576,9.0239,8.9663,8.3371,7.8991,7.9043,8.4937,8.4277,7.9124,7.8211,7.9446,8.3887,8.7620,8.6148,8.7086,8.4253,8.1981,7.3603,7.3155,7.1850,7.4836,7.6712,7.3843,6.7567,6.8878,7.4817,7.9492,7.8422,8.8585,9.4889,9.9595,9.6486,9.1185,9.3516,10.0122,10.2843,10.5362,10.1854,9.5499,9.8195,10.1228,10.5861,11.0013,12.0243,12.5228,12.7865,12.4917,12.0080,11.3885,10.9044,10.9265,11.3905,11.2879,10.9845,11.0037,9.8654,9.9569,9.9403,10.7005,11.7495,12.1603,12.5455,12.6156,12.5832,12.0681,11.7831,11.8887
69.7432,69.5396,69.1082,68.6601,68.4208,68.1587,67.1472,66.5283,65.7485,65.1788,64.4046,64.0003,63.8659,63.1956,62.6193,62.4645,61.7646,61.2643,61.6738,61.2548,60.8663,60.0844,58.3862,57.5170,56.2894,56.0408,55.5384,55.2578,54.1619,53.4562,52.6628,51.7494,51.0473,50.6206,50.6274,50.0576,49.6139,48.7192,47.8479,47.4735,47.3457,47.2605,46.7948,46.9086,46.6854,45.9293,45.5920,45.0832,44.8679,44.6024,44.6998,43.7509,42.5243,41.6036,41.2373,41.2735,40.6161,39.9254,39.0765,38.4265,38.4221,38.8834,38.9891,39.2708,39.7138,39.8765,39.6560,38.9598,38.3609,37.6254,36.7355,36.0469,34.8514,33.6281,32.6568,32.8105,32.5670,33.2047,33.0852,33.5797,34.1094,34.1336,33.6252,33.3108,32.7209,32.0460,31.6282,31.3833,31.5132,31.2380,31.0796,30.8281,30.4975,31.1802,30.9649,31.0589
0.2613,0.3562,0.4277,0.4056,1.0351,1.2736,1.1819,1.3000,1.3503,1.9092,2.6810,3.2982,4.3701,4.4719,4.9419,5.4377,5.6277,6.0377,6.9376,6.8149,6.6294,6.2927,5.5748,5.1593,5.2348,4.9139,4.8430,4.5250,4.1539,3.8867,3.4630,3.0484,2.2833,1.7513,1.6823,2.0242,2.7363,3.2153,3.5925,4.4549,4.7190,4.5684,4.7480,4.9367,4.5964,4.0740,4.3097,4.9543,5.7540,5.5297,5.0434,4.8135,4.5255,3.8949,3.6181,3.7401,3.8547,3.3661,3.5311,3.7678,3.7251,4.1587,4.7543,5.3616,6.3301,6.3086,5.9427,6.0334,5.3177,4.5741,4.8187,4.5765,4.4811,5.0860,4.6074,3.7625,3.4333,4.1880,4.2273,5.2290,5.0668,4.7218,5.2595,6.0332,6.0271,6.2191,6.8436,7.0320,7.1267,6.6475,6.6750,6.8224,6.4644,6.7182,6.6471,6.8099
17.4120,17.4799,17.2007,16.9404,16.9624,17.3331,17.6682,17.5807,17.4976,17.7253,17.7759,18.2108,18.8564,19.1905,19.7349,20.5669,20.1008,19.6153,19.6159,18.9522,18.1535,17.7614,17.9079,17.6645,17.4245,17.3348,17.0911,17.2441,16.8597,16.0882,15.7751,15.8902,15.3807,15.1488,14.8190,15.7188,15.6004,15.6500,15.0491,15.4846,15.6368,15.1052,15.0350,15.0815,15.1193,14.8604,15.1244,15.2088,14.9207,14.2896,14.0711,13.6894,13.1813,12.2793,11.7639,11.5221,11.7411,12.2241,12.0695,12.1781,12.1469,12.7656,12.9792,13.7733,15.0726,15.1791,15.4382,15.6242,15.3338,15.0533,14.6815,13.9246,13.2389,13.1272,13.3312,12.8856,12.7188,12.7081,12.5428,12.2577,11.7479,12.2108,12.4808,11.4427,9.7672,8.3406,7.3489,7.2087,7.2588,7.6638,8.4878,8.1207,7.8807,7.4735,7.0005,7.0072
0.2494,0.5430,0.7608,0.7958,1.1855,1.7849,2.1437,3.2147,3.3869,3.5982,4.3284,4.8344,5.5572,6.1440,6.6935,6.4043,6.1355,5.9974,6.9330,7.1637,7.2162,6.9708,6.6117,6.3824,6.5594,6.3829,5.2232,5.1523,5.2947,5.6597,5.7772,5.5284,4.8705,4.4972,4.4341,4.7541,5.1647,5.2564,4.9034,4.2818,4.4849,4.9120,5.0687,4.2626,4.5472,4.5658,4.3530,4.7604,5.0456,5.6556,5.9950,5.5521,5.0950,5.1440,5.3712,6.0409,7.1137,8.6691,10.3086,11.9677,13.0556,13.8778,14.8342,15.7956,16.8828,16.9004,16.9236,16.5564,15.9422,16.2648,16.2941,15.4972,14.9546,14.5751,14.3268,13.5694,12.6698,12.2701,11.7030,12.0485,12.1430,11.9457,11.2141,10.4398,9.4145,9.0548,9.1582,9.5192,9.5866,9.3003,9.2585,8.7320,9.1298,9.5221,9.6073,9.9263
