30.6520,17.7601,14.3557,18.0536,23.6400,20.4600,22.9443,33.1943,43.1591,60.6479,74.2824,75.1875,78.8632,82.1616,83.9788,76.1783,61.9282,58.8334,60.5553,60.4886,58.9359,61.5900,65.5060,63.3927,62.1309,60.6388,61.1919,61.4676,59.8658,58.8482,60.8078,59.0760,57.3542,60.0072,57.1035,53.8814,54.3009,54.2948,52.9019,50.5457,50.3935,50.8897,49.0585,48.2142,46.7740,48.1368,47.6037,46.9159,44.6892,45.2249,42.3971,43.2828,42.8557,41.2724,40.6432,45.2432,43.4225,42.8261,41.9026,44.7311,44.2606,46.8454,41.7309,42.1244,41.2048,42.6522,42.1979,41.6053,39.7734,40.7961,38.5724,40.7391,40.7530,36.9799,40.5267,43.4780,41.0523,38.4937,37.3722,37.6580,35.9244,33.7483,33.4665,35.9148,37.7610,35.8844,37.4904,37.5791,37.0026,34.5394,34.5980,36.2684,30.8380,31.6354,31.4582,27.7561
2.4443,2.6088,2.6282,2.1144,3.0686,2.8665,2.5551,1.9020,2.3695,2.0625,2.4828,2.4493,2.4837,2.5162,2.7659,2.1704,2.6300,2.9061,2.9033,2.8404,2.6085,2.6373,2.9382,1.4814,1.8983,2.9904,1.9453,1.9511,2.5954,3.1135,3.4985,3.6984,2.2278,2.9352,2.7154,2.5153,2.9940,3.7219,3.8580,3.3256,4.6412,4.0891,3.9730,4.0107,5.4639,6.3034,4.8915,5.8851,5.8463,5.9247,7.0059,5.2682,5.7275,7.6743,6.9318,4.7017,6.9815,7.7098,7.3175,6.8475,7.4220,7.6918,6.9354,7.9019,9.7454,7.6845,7.6691,8.7748,8.0992,9.7811,10.4060,10.3865,10.6572,11.9036,10.5023,9.1464,10.0949,10.1342,11.3083,10.0688,10.5139,10.3278,13.9930,12.2152,10.5732,13.2968,14.1517,12.3574,11.4140,13.7793,12.5889,10.5526,10.0366,12.0744,9.9175,14.1180
0.4170,0.3347,0.4801,0.3638,0.3762,0.2931,0.4132,0.3854,0.5347,0.5519,0.5631,0.4608,0.3514,0.3188,0.3213,0.3821,0.2473,0.3573,1.3930,2.5755,2.4962,0.8594,0.4277,0.1072,0.5328,0.4859,0.8836,0.5328,0.7673,0.5173,0.4063,0.0056,0.7068,0.2621,0.0255,0.0000,0.1529,0.2703,0.0000,0.6201,0.1551,0.1799,0.7013,0.4769,0.5567,0.4436,1.2785,0.7028,1.3317,0.8881,1.0108,1.5602,1.6687,1.6922,1.7203,2.3629,1.8666,1.9901,2.3318,2.4009,1.7342,2.3129,2.6119,2.9458,3.0858,2.9466,3.1400,3.4835,3.4444,3.8230,3.2765,3.9582,3.1633,2.4363,2.4734,2.7440,2.6650,1.9120,1.7053,0.7140,1.3190,1.3203,0.3223,0.7885,0.1983,0.2604,0.0988,0.0000,0.2239,0.0841,0.0418,0.0900,0.0000,0.0189,0.0000,0.0000
0.6584,0.5880,0.6312,0.5718,0.5567,0.4613,0.8673,0.8205,0.8237,0.7493,0.8026,0.7257,0.6956,0.6040,0.4467,0.5865,0.7318,0.4786,0.9052,1.2991,1.1566,1.5909,4.5933,9.2772,10.7700,10.3695,10.4811,10.2316,9.9344,9.5917,9.1701,8.4541,8.8974,8.2798,7.7360,7.6767,7.6927,7.8557,7.0479,7.5561,7.0463,7.0979,7.4655,6.7767,6.6742,6.5706,6.8121,6.3906,6.9903,6.9106,6.4995,6.7350,6.8417,6.6935,7.2150,7.6523,7.5185,7.6536,7.4812,7.3167,7.2665,7.9014,8.1751,7.9988,8.0888,8.1806,8.5559,8.3965,8.6358,8.6469,8.0385,8.5734,8.3198,7.5714,7.1726,7.4327,7.3304,7.0960,6.8726,5.6273,6.1546,6.0809,4.9946,5.1743,4.9356,4.6320,4.5548,3.8281,4.2620,4.0459,3.9166,4.0057,3.9213,3.9447,4.0168,3.5886
0.0247,0.0155,0.1044,0.0264,0.0471,0.0449,0.0379,0.0000,0.0823,0.0678,0.1000,0.1680,0.1047,0.1732,0.4549,0.8547,1.3168,1.4577,1.7840,2.5277,2.2036,2.8366,2.5862,2.0666,2.0132,2.0981,2.1396,2.0809,2.1383,2.0394,2.0185,1.8213,1.8015,1.9477,1.8063,1.8331,1.8041,1.8850,1.7979,1.9026,1.8717,1.7248,1.7686,1.6478,1.9015,2.0533,1.9895,1.8688,1.8417,1.9058,1.8688,1.8116,1.8678,1.9123,2.0356,1.9044,1.9516,2.0292,2.0021,2.0868,1.9427,2.1204,2.1077,2.0537,2.0787,2.1324,2.2295,2.3536,2.4563,2.4314,2.3997,2.4312,2.3789,2.3914,2.3478,2.2943,2.2613,2.2609,2.2368,2.1510,2.1156,2.3304,2.2127,2.1314,2.0094,2.1305,2.0284,1.9252,1.8691,1.8033,1.8515,1.7788,1.6545,1.7843,1.7163,1.7705
16.7041,16.7167,15.7311,14.7084,16.9316,22.4811,23.8511,23.0754,21.6411,19.7811,18.1725,15.3787,14.1646,13.5148,13.6667,13.9797,14.9289,14.5553,13.5540,12.5290,12.0049,11.7952,11.6898,11.8928,11.3691,11.7178,11.9329,12.1584,12.3236,12.4958,12.3105,12.6413,12.8428,13.1026,12.6802,12.7655,13.2438,13.1956,13.1348,13.0426,12.9252,12.8788,12.7972,12.8594,13.0399,12.8023,12.9178,12.9861,13.0431,12.9196,12.7560,12.7373,13.3654,12.7451,12.9206,13.2025,13.2488,12.6715,13.0447,13.5032,13.3299,13.1630,13.3057,13.1125,13.2418,13.0513,13.0817,13.2390,12.6374,12.6091,12.2255,12.7888,11.9765,12.6539,11.6570,13.0658,12.9884,13.3605,12.6076,12.8497,11.9339,13.3601,12.5545,12.9882,12.7317,13.1547,13.0468,13.7528,13.5424,13.7511,12.9881,13.6279,13.7299,13.0272,13.7682,13.2640
17.0766,17.6138,16.2628,13.8858,11.9388,10.2292,9.8569,11.1958,12.8291,12.1964,13.4088,13.6810,13.4475,14.6271,15.1616,17.9552,21.7218,23.9414,26.6060,26.3033,24.5128,22.0394,19.6980,18.8902,18.5942,18.9631,18.4535,18.1453,18.3320,18.1441,18.5534,18.1432,17.7608,18.7095,18.3198,17.9870,18.0545,18.3006,18.4613,18.7197,18.7955,18.4725,18.6341,18.1313,18.4929,18.5675,17.7069,17.8007,17.6453,17.6980,17.3011,17.0317,16.3818,16.8338,16.7724,15.9793,16.3608,16.4182,16.8047,16.3874,16.1747,16.2888,16.1963,16.8175,16.7781,16.2963,16.5938,16.4965,17.4047,17.4704,16.9328,17.1868,17.0492,17.4316,17.5877,17.1690,17.4897,17.4570,17.9700,17.9162,17.4058,17.6774,17.6238,17.5183,17.4711,17.9179,17.8239,17.4748,17.1257,17.7368,17.7002,18.0106,17.0723,17.2265,16.8989,16.9514
0.8775,1.0514,0.8555,0.7340,1.0072,1.0079,0.9617,0.6444,0.7518,0.8547,0.8805,0.9325,0.7876,1.0289,0.8529,0.8894,0.7633,1.0912,1.2652,1.1314,0.9472,1.3546,2.0480,2.2113,2.4026,2.6640,2.1609,2.1256,2.2183,2.2466,2.1930,1.9134,1.4491,1.5262,1.5685,1.3125,1.3149,1.6151,1.8673,1.5379,2.0650,1.4903,1.8079,1.5099,2.3333,2.6022,2.0240,2.1223,1.9430,2.0316,2.5681,1.6392,1.8978,2.9506,2.4467,1.4228,2.5086,2.7684,2.8083,2.9948,2.9547,3.2721,2.7627,3.3453,3.6345,3.3144,3.2853,4.1590,4.3309,5.0161,5.4187,5.4699,5.3727,5.9023,5.0259,5.1096,5.3269,5.5223,5.6697,4.9035,5.2035,5.4445,6.4428,6.0449,5.2555,6.0782,6.5332,5.7055,5.0742,5.9669,5.2298,4.7050,4.3230,4.9913,4.1367,5.7069
0.8547,0.9481,1.1783,1.0641,0.8969,0.9591,1.0558,1.0375,1.0957,3.0201,7.1305,11.4897,11.4210,7.0169,4.0658,2.7858,1.9905,2.3912,3.2544,4.5461,4.6620,4.5841,4.2735,4.4060,5.2361,5.5508,6.3117,6.0590,6.2246,6.4416,6.0303,5.6677,6.3244,6.0514,5.4289,5.9625,5.5259,5.7412,5.0592,5.7207,5.5296,5.4803,6.0419,5.0489,4.9273,4.7875,5.2612,4.3802,5.4472,6.0697,4.9978,6.5864,6.1546,6.6902,6.9562,7.8852,7.9118,8.1253,8.3124,7.7255,7.3764,8.0220,8.2733,8.5426,8.2819,8.6405,8.3802,7.7243,7.4713,7.4677,7.1488,7.6157,7.1119,6.4096,6.0065,6.1584,6.3191,6.3930,6.2085,5.1280,5.2759,5.6270,4.6249,4.6583,4.1993,4.4369,3.4239,3.6052,4.2443,4.4044,3.8869,3.9183,3.9672,4.5919,5.0329,4.6026
28.6097,24.6019,21.8450,25.7964,29.2839,34.7327,31.7502,34.9990,44.8414,48.1606,43.8710,40.9565,37.5762,32.9675,34.2843,39.3842,41.2806,42.2427,39.9604,37.6297,36.0322,33.5303,38.5247,43.9373,43.2658,41.6848,41.6571,40.4821,40.8121,39.6939,38.9019,38.1010,36.1273,35.5999,33.9238,34.1303,35.0733,34.2996,31.8807,33.1611,32.0900,31.6081,30.1937,28.5892,31.4566,28.5857,30.5027,29.3580,28.2359,28.4469,28.0333,26.9366,27.6800,27.1644,29.2842,25.5347,27.3769,27.8809,27.4123,27.3685,27.0853,26.8032,26.6312,26.2558,26.4981,27.7987,27.9799,26.7351,29.0156,28.0492,27.1620,26.1888,25.6707,26.5221,24.6100,23.7954,25.4374,25.6211,24.3765,22.8809,22.8517,24.1487,21.7679,20.2699,21.4370,21.8459,22.2126,21.2663,23.0174,22.8785,23.4173,21.7184,24.4751,23.3107,25.1998,23.1703
74.5676,65.9565,59.4246,57.7330,58.6158,58.2263,56.5299,57.4446,62.5075,60.0177,54.6934,53.2477,53.4355,53.0601,55.0480,54.8538,53.8518,52.3751,53.9577,60.0629,67.0631,66.4734,67.3529,69.4856,68.7511,68.3405,68.1832,68.8610,68.3671,66.5481,66.5499,65.0211,64.9101,66.0080,65.2973,64.6292,65.3419,65.5566,65.2121,64.8030,66.1277,64.1884,64.8075,64.5067,66.8657,64.0922,64.3026,64.5701,62.4149,62.5874,60.7161,60.4908,61.8012,59.7924,60.0115,57.0511,57.0014,54.8818,54.8827,57.1273,53.1740,53.6503,53.9481,53.7260,53.4876,52.4360,51.8650,53.6915,53.3675,53.2706,52.8122,53.0978,51.9448,53.9988,52.9945,54.8400,54.8082,54.6901,55.6157,56.5244,55.2926,56.7241,54.3577,55.2394,54.4101,56.1709,56.5103,55.5161,57.1936,56.5886,57.2294,56.2395,55.1514,55.6170,56.0144,55.0295
70.4659,66.3111,54.9478,41.8086,36.8586,35.8060,41.6166,45.6603,49.8146,45.0605,39.0128,37.7435,40.4422,45.2032,48.1366,55.7519,61.8244,61.2631,56.7543,45.9842,40.4866,43.8885,49.7195,56.9392,58.2467,57.5647,54.2306,55.0723,55.5943,55.5174,56.6610,54.3956,53.4601,55.4001,56.4599,54.9635,55.8701,55.5533,56.6635,54.4574,57.0185,54.2652,54.2900,51.9944,54.5228,55.6336,53.1019,54.7386,51.5268,51.9428,52.4006,48.6583,48.3900,48.6725,48.5967,44.8570,47.9457,47.2009,44.8944,45.2531,41.5352,44.3307,42.2648,43.8876,42.0294,40.0776,40.1283,39.9763,40.3704,40.2763,42.0426,39.5104,42.0810,40.9143,41.7055,37.9314,40.4571,40.5592,41.7689,45.1986,41.3108,41.4674,44.9331,44.1338,43.6988,43.9772,43.1364,42.7557,42.1485,41.1904,39.6052,38.5012,38.1366,37.9924,37.5956,40.4210
36.9088,38.1494,36.5239,31.3701,30.0857,27.8567,26.3615,24.9920,25.8935,27.7246,26.8289,24.7901,23.1771,21.2326,20.4294,17.5954,15.5072,14.8542,15.8193,15.4335,15.4734,15.4389,15.3807,16.8287,18.0172,18.7427,18.2105,18.5188,18.4294,18.9238,18.9398,18.7723,18.8849,19.4774,18.8061,18.7488,18.4038,18.7442,19.6558,19.6934,21.0277,20.0036,21.2744,21.3987,22.1770,22.6179,21.9479,22.0436,23.2541,23.4516,24.1089,24.1068,24.5431,25.1331,24.2651,22.8732,24.8091,24.5037,24.7165,24.0655,23.8302,24.1545,25.2225,25.9088,25.7828,24.3098,24.3989,25.2069,24.6912,25.5768,26.8554,26.3516,26.8867,27.4438,27.1681,26.8219,27.2625,27.2439,28.3102,28.2302,27.6107,28.4436,28.9503,28.0018,25.9563,26.9203,27.3872,26.0947,25.8949,27.2098,25.9162,24.9990,25.6459,25.5001,24.9659,27.5616
3.4240,3.3002,2.7534,1.5513,1.3427,0.8954,0.7396,0.5911,0.7208,0.6340,0.7705,0.7471,0.7211,0.7588,0.7874,0.5533,0.7335,0.8536,0.8981,0.8477,0.7139,0.7208,1.0679,0.8463,1.1509,1.5540,0.8789,1.0549,1.0964,1.1580,1.1990,1.1861,0.7573,0.8086,0.7794,0.6408,0.7878,1.0834,1.2150,0.9435,1.4135,1.0281,0.9834,1.2625,1.7249,2.0513,1.5880,1.9338,1.9802,1.9556,2.4669,1.5721,2.2241,3.1857,3.0474,1.7507,2.9960,3.2355,3.0602,2.9660,3.0767,3.2021,3.2193,3.6797,4.3288,3.3937,3.5460,4.0675,3.8966,4.4123,4.7556,4.7348,4.6516,5.1865,4.5528,4.0731,4.3644,4.5196,4.8722,4.1497,4.2000,4.3932,5.3081,4.4913,3.8253,4.9140,5.3067,4.2328,3.9342,4.8326,4.3783,3.4810,3.3750,4.3401,3.5715,5.2188
0.9603,0.9414,1.0616,0.9649,0.6422,3.2405,8.6250,10.9355,11.0080,10.9268,11.5003,11.1124,9.9893,9.4102,9.7758,10.3755,10.1893,9.3991,8.5716,7.6304,6.5225,5.1500,4.3684,4.6093,4.7552,4.9046,5.4089,4.9882,5.3232,5.4203,5.0908,4.9072,5.1788,5.1966,4.7902,4.8069,5.2090,5.3773,5.4478,6.0666,5.8003,5.7904,5.8946,5.3637,5.7006,5.5261,6.5108,5.3640,6.0073,6.1231,5.8600,6.5850,6.6411,7.0075,7.6396,7.8507,8.0836,7.8452,7.8207,7.6072,7.9553,7.8778,8.5066,8.0691,7.7910,8.1589,8.0487,8.2094,8.2385,8.1835,7.7969,8.5195,7.5442,7.0208,7.1310,7.0082,7.3445,6.5618,5.8703,5.1508,5.1063,5.2385,4.5325,4.6012,4.4861,4.2322,4.4000,4.2191,4.7519,5.1591,4.8107,5.1682,5.3090,5.4256,6.1290,5.5561
16.4304,16.0252,18.2049,15.6262,11.2699,10.7849,11.2349,10.9916,11.9541,10.8382,10.9378,11.6956,13.2521,15.0012,17.1359,19.0423,19.3410,19.3070,19.8188,19.1956,21.7092,31.4187,38.3778,32.7631,30.9551,30.5439,30.9278,31.2273,30.8338,29.9806,28.7423,28.3450,28.4953,28.8683,28.4467,28.9452,28.1031,28.3894,27.5713,27.8021,27.4686,27.3734,27.3560,26.9009,26.6535,27.3347,27.7396,26.8167,27.3381,27.5505,26.3342,26.6838,27.4054,26.3323,26.8783,26.4533,24.9878,25.4103,24.8343,26.0434,24.7058,25.0092,25.3304,25.3886,25.8382,25.7566,26.0129,26.8441,26.5872,26.4557,25.2631,25.7566,26.9545,25.7542,25.0158,26.2337,25.4343,25.3049,25.3338,25.2007,24.3791,24.4627,22.9691,23.2146,22.6437,22.8201,22.6082,21.8638,21.8818,21.5386,22.1533,21.7483,21.6931,21.6303,21.7872,20.6830
40.5832,40.8015,42.4374,42.8970,41.9948,45.6431,46.9883,47.3368,47.2964,47.3349,54.4707,58.5344,53.9279,44.0376,39.8233,35.3894,29.8948,26.0032,25.5231,25.5673,25.4088,24.8230,25.2972,27.2614,28.2110,27.8577,29.4459,30.4790,30.8334,32.2675,31.5260,31.4274,33.2141,33.1562,32.5095,33.3600,32.7684,31.3705,31.0720,30.8425,31.4750,30.2962,31.1283,30.0599,30.5242,30.1134,31.1264,30.5408,30.4761,33.9482,31.1215,34.5678,34.3778,33.4131,33.8716,34.1986,34.4249,33.4345,31.7460,32.9266,30.8226,30.4454,30.9168,32.0133,30.0593,30.4937,30.5495,30.1444,28.4394,28.6479,28.6386,28.9728,28.9102,27.7282,29.5094,31.2514,31.3891,31.0096,31.6446,32.0378,31.3125,31.9328,30.9359,30.5242,31.4619,30.7353,30.0331,30.3635,31.3017,30.8382,29.9175,29.6334,29.5927,29.3620,31.0438,29.7955
58.4143,62.5769,66.0434,68.9232,71.1542,73.2478,72.0411,68.3960,63.5968,57.4397,59.9202,62.7306,65.0949,58.4314,44.5531,38.3934,38.6557,34.0119,33.8746,36.1286,37.9189,34.7355,37.4688,44.0139,43.6155,44.0239,43.6200,43.9319,43.5214,42.2301,42.2018,43.9885,43.7974,43.8162,44.9941,44.9213,44.8864,44.5085,44.8889,43.8512,46.6471,44.6293,47.2555,45.5995,47.7546,45.8323,45.9272,45.5129,43.7973,46.8848,45.7459,47.2377,46.4909,45.5476,44.9439,43.2142,44.4266,40.3653,38.7960,42.4644,38.0272,37.3387,35.6529,36.6788,37.0177,34.4016,34.0122,34.6174,34.9408,34.7120,34.2239,35.4440,33.5625,35.3334,33.6313,37.6689,38.4517,37.2119,38.6002,39.0089,38.0896,38.3271,39.1001,39.5055,38.4870,39.5812,40.8371,39.6404,42.7694,43.3100,41.3722,40.6967,43.5518,43.2486,44.0031,42.5068
8.2711,8.8610,8.8617,8.8493,9.8366,8.9407,9.1699,7.8956,7.5082,6.1927,5.6883,5.9973,6.4408,6.9724,5.9521,6.4504,5.4607,6.2230,6.4157,6.2051,6.4459,7.2839,6.7812,4.8262,5.2678,6.3620,5.0125,3.8347,4.7132,5.0649,5.9277,5.1067,2.9751,3.0815,3.8428,3.3012,3.7383,3.8469,4.6838,3.6051,4.7639,3.3375,4.7598,4.2653,5.3493,7.4356,5.3681,6.4927,6.7962,6.0659,8.4105,7.6071,8.2762,10.7088,8.5378,5.3059,8.7344,9.3832,10.0560,9.6866,10.0266,10.7831,9.0879,11.2009,12.4829,11.3713,11.8915,12.3699,12.6671,14.9482,15.6172,15.8029,16.4082,17.1796,14.9907,14.2857,17.2041,17.6583,18.4052,16.9620,17.1084,16.2568,19.9134,20.3974,15.6380,18.0637,18.5872,17.3453,15.7232,17.6349,15.3972,13.8425,12.9974,15.9537,12.5531,17.0704
0.6553,0.6247,0.6497,0.6048,0.5638,0.5929,0.6120,0.6534,0.6476,0.6024,0.6533,0.6497,0.6453,0.6154,0.5861,0.6158,0.6254,0.5875,0.6266,0.6265,0.6740,0.6182,0.5947,0.5411,0.6799,0.6961,0.8253,0.7397,0.8330,0.7238,0.6609,0.6004,0.7709,0.5618,0.4582,0.5771,0.5669,0.5901,0.5122,0.7338,0.5590,0.6667,0.8364,0.7048,0.7193,0.6399,0.8969,0.6890,1.0036,0.8440,0.8329,0.9527,1.0658,1.0876,1.1760,1.3068,1.2287,1.1595,1.2962,1.3244,1.1465,1.2417,1.4047,1.4915,1.6078,1.5314,1.5131,1.5432,1.4635,1.5550,1.4140,1.5812,1.3937,1.1260,1.0829,1.2665,1.1933,1.0268,0.9841,0.6978,0.8510,0.8774,0.6120,0.7298,0.4932,0.4604,0.4914,0.3852,0.5883,0.5902,0.5596,0.6113,0.5613,0.7317,0.7674,0.6140
0.4541,0.4535,0.4416,0.3302,0.4225,0.2997,0.4039,0.4852,0.4240,0.2921,0.5204,0.6334,0.3878,0.4679,0.2212,0.4829,0.4834,0.4020,0.6241,1.2763,1.3831,1.0348,1.3842,2.1706,2.8581,2.8326,3.0143,2.7743,2.7487,2.6629,2.6324,1.9149,2.5137,2.1692,1.6710,1.8254,2.2062,2.1007,1.7164,2.3505,1.8954,1.7389,1.8402,1.4355,1.7674,1.7590,2.1693,1.5255,2.0936,2.1716,2.0757,2.1486,2.4111,2.5696,3.1482,3.5917,3.4894,3.3900,3.7164,3.6365,3.3549,3.7769,4.1152,3.8384,4.0517,4.0376,4.0729,4.3615,4.5779,4.5827,4.0502,4.5201,3.8729,3.1340,3.2514,3.3436,3.4931,3.1020,2.7067,1.9079,2.4752,2.8051,2.1049,1.9645,1.6387,1.8531,1.2341,1.3961,1.7258,1.8552,1.7749,1.7694,1.8644,2.5522,2.4221,2.0558
57.8624,69.8011,75.2817,72.5176,63.9485,63.0029,68.2680,70.1156,70.8775,62.5652,52.5670,44.9341,44.1328,44.4011,45.6359,46.1832,45.0247,42.6022,41.6431,37.4973,36.8121,34.9961,34.0494,35.5863,32.7411,33.0873,33.6426,33.6758,33.9717,32.2016,30.6437,31.1589,30.5775,30.4198,28.5511,29.4341,31.4516,30.6117,29.6796,30.8873,29.9230,29.7107,30.1855,28.8809,30.9740,29.7488,32.2944,29.3257,32.3850,32.5758,30.4620,31.9743,32.4361,32.0626,32.8007,30.7420,34.7105,31.9000,32.4011,34.0638,33.5273,31.6920,34.9081,34.7113,34.5871,34.2296,34.0442,35.0027,36.5986,34.3530,32.8175,34.7369,31.7269,32.4785,29.2045,31.3337,34.5477,31.6156,29.9582,29.8925,28.3314,30.4118,26.9383,26.0394,25.8022,25.7977,27.6016,27.1894,29.4361,29.6321,31.6927,29.7905,33.0214,31.9138,34.0774,31.0682
12.0280,13.2650,12.9150,10.7856,9.7871,9.2216,10.6700,13.1651,16.8099,19.8653,27.1040,33.1149,36.3279,33.3939,29.5665,27.4592,25.9341,24.2553,23.2742,21.9090,19.8721,17.1219,15.8885,17.4190,18.0231,19.0340,17.4455,16.7035,17.6340,17.8929,17.5152,18.3879,16.8838,17.7108,17.7107,17.8556,17.9233,18.1167,18.5298,17.3019,17.8534,16.9211,16.4031,16.5246,17.3003,17.6962,17.4897,17.1083,17.2094,17.4108,18.1591,16.8551,16.9972,18.6985,18.2199,15.8582,18.4075,19.8568,19.0224,18.7612,19.2349,18.7621,17.2534,18.6923,19.7979,18.8150,19.1651,19.5926,19.1428,20.7534,20.7574,21.3197,20.9370,22.7980,21.0187,19.7872,20.8755,21.0991,21.7453,21.2011,21.9129,21.0512,23.4237,22.9910,21.2157,24.2804,25.5307,24.1742,23.5965,25.4548,24.4119,23.6978,22.6791,24.0181,23.8804,26.2213
1.6774,1.6180,1.8722,1.4079,1.9344,1.6991,1.7288,1.4366,1.6537,1.7292,1.8800,1.7524,1.9632,1.7508,1.8193,1.6707,1.7438,1.8022,2.1233,1.8663,1.9313,1.9043,2.1359,1.5938,1.7696,2.1822,1.7005,1.8820,1.9290,2.3171,2.4396,2.5719,2.1307,2.3989,2.3008,2.0176,1.9239,2.2924,2.8665,2.4217,2.5221,2.1886,2.2583,2.1306,2.8168,3.0388,2.4488,2.8844,2.5853,2.6955,3.1710,2.2079,2.3925,3.0564,2.6302,1.6748,2.2471,2.8142,2.8737,2.9156,3.2057,3.2350,2.9653,3.6051,4.3016,3.3935,3.7564,4.1886,4.0777,4.9830,5.2683,5.5499,5.5751,6.0914,5.5859,5.6668,5.5726,5.9842,6.6579,5.9341,6.2437,6.2544,7.4229,7.0628,6.6357,7.3328,8.3260,7.0644,6.6294,7.2761,6.8330,6.0937,5.5238,6.2703,5.5383,7.0527
1.6159,1.2189,1.4127,1.3153,0.8640,0.9174,1.0317,1.1769,1.2913,1.0337,1.2226,1.1198,1.0705,0.9531,1.1870,1.8223,1.8982,0.8681,0.9941,1.1674,1.6154,1.3648,1.2077,0.8059,1.7017,1.5357,2.4372,1.8335,1.9843,1.6506,1.5974,0.6954,1.9198,1.1070,0.3013,0.4062,0.5638,0.8208,0.0000,1.3573,0.4960,1.1866,2.0550,1.7319,1.3665,1.1696,2.7148,1.4646,3.1635,2.3408,2.0462,2.8053,3.1927,2.9281,3.6397,5.4713,4.7899,4.4558,4.9237,4.8264,3.9037,5.0698,5.5771,6.0035,6.5501,6.6416,6.5879,6.8190,6.5409,6.6502,5.7327,6.4305,5.6679,4.0783,3.8737,4.6270,4.3164,3.1522,2.6781,0.9589,1.8103,1.9540,0.7536,1.3002,0.0250,0.0000,0.0000,0.0000,0.0970,0.1701,0.0000,0.7415,0.5537,0.6352,0.9479,0.0000
15.6997,14.0857,14.8601,14.9174,16.1103,21.0223,26.4612,27.5444,26.8784,26.1772,27.9928,29.8107,30.4068,29.9540,30.4957,30.1572,29.7117,24.9962,18.8308,14.1115,13.7749,13.6104,14.9053,14.5236,14.3715,14.3835,16.1238,16.3007,17.1451,16.6792,15.3868,16.5293,17.6311,18.6766,17.5134,17.7668,18.9736,18.8554,17.6854,18.3524,18.8134,19.1528,19.0258,19.4070,19.0959,17.5434,19.5539,16.6044,18.0925,17.8282,16.7286,18.0297,19.1638,18.9818,20.4909,20.5756,20.0990,19.4494,19.1644,19.2396,19.2974,19.6331,20.3883,20.3670,20.6811,20.5462,20.9124,22.1072,19.4170,19.8834,18.6798,21.1465,21.2050,20.0224,19.4566,22.0855,22.0496,19.7923,19.5022,17.3096,17.1311,18.2762,15.1905,15.6416,15.6830,14.9961,16.2921,15.6572,16.6184,17.2664,16.8584,18.2383,18.6872,18.8209,19.7232,17.7550
1.9539,2.0529,2.3202,2.3521,6.5748,14.1964,13.8092,5.9946,2.5951,2.6885,2.4347,2.5109,2.3308,2.2986,2.3489,2.1577,2.1696,2.2495,2.6252,2.3643,2.0360,2.9185,4.8708,5.5523,5.9814,6.4498,6.1682,6.2977,6.7692,6.8793,6.5910,6.8262,6.4329,6.6761,6.5867,6.8799,6.7414,6.9731,7.0178,6.4060,6.9522,6.5992,6.6397,6.7381,7.3733,7.9363,6.8134,7.4354,7.2597,7.5208,7.9818,6.9824,7.6523,7.6657,7.4370,6.5371,6.6875,7.3662,7.0258,7.3494,7.7183,7.5629,7.4213,7.8671,8.8461,8.0672,8.1637,8.5633,8.0036,8.5675,8.7304,9.5456,9.2632,10.1194,9.2662,8.9421,9.3046,9.7945,10.5224,9.7635,9.6665,10.1429,11.1193,10.7127,10.4683,11.6360,11.7873,10.9354,10.5682,10.9721,9.8991,9.0762,9.5495,9.9436,9.4621,10.9200
62.5445,60.9661,61.1478,58.1290,54.8963,64.8539,71.3775,71.5106,72.6363,69.8958,66.6226,58.7991,53.8243,50.9547,51.4650,55.5457,56.0108,55.4236,55.8777,55.9298,57.3288,55.4906,57.8353,59.2190,58.3642,56.8199,59.1329,58.9466,58.6985,56.7969,54.9822,55.3769,57.6499,58.8316,57.5864,56.0973,56.7072,57.9636,56.1443,57.2197,55.5886,56.6663,58.0023,56.0907,56.2867,53.3115,56.6910,53.4367,54.4068,53.8777,51.5926,52.6682,53.3234,50.5171,52.7627,50.2309,50.8340,47.4273,46.8869,49.5813,46.6333,46.4595,47.9381,49.2749,48.8252,46.9894,48.9802,50.2803,47.8279,47.7064,45.3288,46.6664,45.8645,43.6934,42.1828,45.8430,46.4346,41.8861,42.2557,42.3891,37.6006,41.1734,34.6273,35.8127,37.1126,35.6294,37.5106,35.1148,35.5509,34.9689,35.1669,36.1754,35.3623,35.2061,37.1959,34.1375
60.8289,50.1424,55.3091,67.8112,69.9709,64.8537,63.7267,67.5695,64.7945,60.4413,60.6397,67.8051,67.6480,70.9797,75.2657,81.0023,80.2014,80.8604,78.4473,78.4299,73.4254,71.3317,76.3692,73.2301,72.9453,72.8074,71.6825,72.3346,72.8157,69.7562,72.1386,70.6585,69.0659,68.8189,68.8114,69.0950,68.9683,67.3982,67.4649,64.3069,63.1146,60.6038,60.0548,56.4088,57.1216,57.1073,53.8271,54.3158,48.4009,49.3626,51.1825,50.8514,51.9939,53.4930,53.8299,48.9335,51.7410,51.1484,49.1131,51.7229,50.2456,53.3768,50.7147,51.1196,49.7792,49.2919,49.3196,50.3369,50.5726,52.2337,51.6622,51.5376,53.3516,53.0521,54.1178,52.6207,55.5080,54.7317,55.7336,55.8518,51.3908,51.6897,53.5279,52.9393,54.3712,52.9498,53.3023,52.1090,51.9875,51.8676,48.8402,49.3146,47.1780,49.5792,48.9730,48.6559
51.4177,51.4115,56.7817,60.1989,64.9850,68.6143,68.6632,68.8260,68.5180,71.2155,69.9588,62.7272,57.3146,52.1661,49.2440,42.2787,36.9500,36.0687,42.8955,50.0135,48.5977,48.2812,51.1904,56.0707,57.7856,56.3541,56.9929,57.0070,56.9069,55.7855,56.1869,54.4984,54.0224,53.1331,51.7799,50.7957,50.2140,49.0772,49.0845,48.5392,48.7816,48.0935,50.0012,48.1481,47.5319,48.4933,47.3253,47.6333,48.1898,48.2300,48.7780,48.3670,48.4371,48.3994,48.7230,48.6490,50.0657,48.6764,46.2104,46.4012,47.5498,48.0413,46.8083,45.9446,47.7315,46.2592,45.9385,44.5129,44.4065,44.2315,45.5182,44.1705,45.0967,44.7543,44.2954,42.8088,45.0621,42.4355,43.6255,43.7437,41.7651,41.1595,42.8719,42.1946,42.3669,42.9928,43.9211,42.3556,44.1565,44.9677,42.7035,42.4920,44.6766,42.6880,43.1492,42.8673
30.0177,28.3864,25.0178,26.0258,28.7205,31.2016,33.0834,30.8518,28.4654,28.1695,28.3076,29.3095,30.5837,27.6297,26.3686,23.4106,22.1786,20.9520,18.0595,16.8747,17.5688,18.0141,19.1101,19.5203,19.6627,20.4700,19.4918,19.7546,20.9896,20.6049,20.3030,21.5374,19.8601,21.0938,20.6439,20.4863,20.4735,20.3015,21.4632,20.0367,21.9460,20.5144,20.5927,20.6052,21.4792,21.0057,20.1027,20.6907,20.4335,20.4860,21.5280,19.9090,19.6877,21.5219,20.2646,16.4827,19.3288,19.4063,19.3524,18.7737,19.7055,18.9530,18.7407,19.0961,20.9886,18.5343,19.1963,20.0689,18.4617,20.5879,20.4491,22.6304,22.3467,24.4436,23.1050,22.3389,23.2659,23.4662,24.9088,24.8773,23.7535,24.3531,25.8700,25.2681,24.0860,26.1786,27.8091,26.0838,25.0062,26.5888,25.4104,23.0912,24.0110,24.5159,24.4352,27.1449
71.4031,71.2633,71.2691,70.0976,67.8868,68.8666,69.0167,68.8434,67.7582,60.7450,56.2181,53.5687,58.6749,64.0860,66.4343,66.7021,67.5246,68.6367,69.3159,69.0053,68.3629,67.6255,67.7778,65.9423,65.0089,64.3041,65.8857,66.7929,66.9452,66.4335,64.9914,65.1822,66.3167,65.5420,64.8197,64.9525,65.0842,65.1561,63.3687,63.6160,62.3387,63.4210,62.9859,61.5495,60.8939,60.2173,61.8368,60.6969,61.2987,60.8856,58.3181,59.1744,59.7254,58.9702,59.4764,59.3729,59.2407,57.2663,57.1989,58.4285,56.1260,57.2655,57.8811,57.2837,56.2172,56.3947,56.6763,57.2524,55.6729,55.2740,53.5497,53.5052,53.4203,52.1501,52.5018,54.9819,55.9028,55.4764,54.7212,55.2621,51.0136,53.8605,51.1159,51.2761,51.5601,50.7499,50.5262,50.8026,50.4858,50.4813,51.4446,50.9582,51.2949,49.8164,51.6674,49.9028
38.8760,37.1605,37.4647,39.0547,38.4280,35.5018,36.9364,36.8161,32.5533,30.8404,29.2009,29.7258,26.9855,26.6137,25.6975,25.5573,24.4970,26.1098,28.3009,28.8812,28.3706,28.0552,28.4102,30.3543,31.2228,29.6065,28.1423,27.3999,26.4723,25.7532,27.1041,24.7840,23.7865,20.5365,23.6203,21.0883,22.5448,21.3076,21.0596,20.2618,21.6636,21.5751,22.1061,21.9523,20.9420,23.0999,21.4302,23.1075,23.6330,21.1435,24.7241,23.3333,22.7133,24.2688,21.4005,22.3354,24.1969,23.8328,22.5763,23.5065,21.8022,23.4985,21.4850,22.4050,22.7570,23.3438,24.7189,22.5112,25.2973,24.5124,26.8152,24.5724,25.5932,24.1966,24.4812,22.5428,25.9595,24.7788,26.9901,23.6412,26.3037,23.9216,25.3925,28.3897,25.6012,24.3728,24.6008,24.1751,26.3845,25.8840,26.1779,24.5958,24.7416,27.4684,23.3234,27.0446
1.9207,2.0881,1.6243,0.9432,1.2132,1.0981,1.1632,0.7809,1.1640,1.2722,1.2552,1.2722,1.3428,1.3756,1.4800,1.3675,1.2813,1.4281,1.5960,1.2155,1.5270,1.6939,1.5279,0.6198,0.6491,1.0996,0.5606,0.5244,0.9448,1.1214,1.3494,1.2570,0.3835,0.7604,1.3689,1.1072,0.9971,1.0297,1.4728,0.7511,1.4420,0.8023,1.2207,1.1454,1.7600,2.3362,1.4170,1.9909,1.6590,1.5043,2.2542,1.4680,1.5646,2.4288,1.5916,0.4376,1.4629,1.9255,1.9320,1.7707,1.9316,2.3068,1.5396,2.4040,2.9038,2.2532,2.7143,2.8978,2.8123,3.4554,4.1773,4.0320,4.6234,4.9417,4.6433,4.0503,4.5921,4.8457,5.8361,5.3265,5.6938,5.8599,7.2654,7.1877,5.8770,6.9596,7.4889,6.6737,6.2017,7.1426,6.4566,5.2888,4.9690,5.7741,4.7867,6.5349
10.4332,16.2670,18.3442,15.1622,12.2728,11.8129,12.8318,10.7453,10.8341,12.8970,15.9684,20.2315,24.9007,18.2618,9.6713,6.6848,5.7729,3.9825,4.5830,4.2929,4.4324,2.7328,2.3168,2.8639,3.7550,3.8707,5.3977,4.7888,5.2010,5.1662,4.0952,3.8397,5.3717,4.5362,3.6917,4.6763,4.4741,4.8128,3.9571,5.8439,5.1385,5.0636,6.5268,5.4474,5.1004,4.1825,6.1274,4.1663,7.0730,7.4503,6.7773,8.9768,8.5652,8.4617,9.3909,11.0919,10.5530,10.2837,11.2537,11.4323,9.5503,10.8815,11.9361,13.2149,13.1551,13.3551,13.3103,14.2042,13.2320,14.1736,13.4211,15.2901,14.2492,12.5223,12.1677,13.1730,14.1259,12.3928,11.4605,9.3000,9.5044,10.2964,7.5450,8.4545,6.7208,7.0958,6.5148,6.2698,7.1153,7.7401,7.5209,8.2472,7.9574,8.3853,9.1901,7.4798
2.3653,2.2426,2.2953,2.5099,2.3165,2.2186,2.8207,2.1492,2.6052,2.6523,2.8054,2.5838,2.5172,2.9673,3.6627,4.2322,3.9082,4.7538,5.7073,4.9492,4.0468,4.3901,6.0232,8.1359,9.4816,9.0196,8.9009,8.8108,8.3349,7.9046,7.3014,6.8598,7.7714,7.2799,6.6173,6.4886,6.8199,6.8014,6.2172,6.9057,6.9332,6.5183,7.3016,6.7421,7.0092,6.8783,7.9100,7.1887,7.9585,7.9530,7.9551,8.7092,9.0254,9.1664,9.9210,9.4472,8.8383,9.5109,9.4012,10.0197,8.6921,9.4523,10.0933,10.6043,10.7469,10.3879,10.7382,11.9984,12.1165,12.8008,11.8483,13.2098,12.9611,11.7676,11.1665,11.6489,12.0496,11.3618,10.8664,8.9087,9.4941,9.2258,7.3442,8.0469,7.0774,7.2618,6.8454,6.2261,6.3340,6.8446,7.0550,6.4255,6.3936,6.6892,6.2114,6.4082
0.2379,0.0640,0.0176,0.0000,0.0729,0.0913,0.8203,1.7261,0.9424,0.1886,0.0834,0.1129,0.0972,0.0784,0.0429,0.0147,0.0262,0.1247,0.1463,0.1280,0.1390,0.1477,0.1593,0.0305,0.0616,0.1880,0.1900,0.1941,0.2563,0.2300,0.2124,0.1283,0.1583,0.1574,0.0480,0.0000,0.0157,0.0641,0.0844,0.0884,0.1541,0.0536,0.0908,0.0632,0.3146,0.4469,0.3585,0.3206,0.3254,0.3677,0.3863,0.3134,0.4164,0.6402,0.6777,0.4487,0.7002,0.5943,0.6808,0.6195,0.6742,0.7703,0.6963,0.7323,0.7660,0.6452,0.6437,0.8087,0.8025,0.9425,0.8743,0.9624,0.8860,0.9380,0.8728,0.8925,0.8315,0.8139,0.7351,0.6270,0.5747,0.8047,0.8172,0.7155,0.4775,0.6511,0.6637,0.5550,0.5278,0.6441,0.5294,0.4433,0.4489,0.4936,0.5726,0.7415
0.2491,0.2382,0.2654,0.2484,0.2459,0.2681,0.2616,0.2353,0.2288,0.2362,0.2581,0.2380,0.2680,0.2506,0.1494,0.1197,0.1731,0.2075,0.1611,0.0601,0.0388,0.2293,0.2887,0.2408,0.2610,0.2693,0.2804,0.2770,0.2808,0.2777,0.2658,0.2715,0.2614,0.3567,0.2851,0.2756,0.3264,0.2918,0.2568,0.2723,0.3305,0.3019,0.3195,0.2785,0.3167,0.3408,0.2946,0.3288,0.3662,0.3998,0.4096,0.3724,0.3566,0.3870,0.3858,0.3511,0.3910,0.3792,0.4084,0.3725,0.3754,0.3969,0.4113,0.3854,0.4558,0.3613,0.3780,0.4133,0.3806,0.4378,0.4250,0.4523,0.4804,0.4206,0.4185,0.4254,0.4577,0.4453,0.4407,0.4524,0.4466,0.4072,0.4295,0.4425,0.3740,0.4224,0.3892,0.3871,0.3469,0.4018,0.3600,0.3350,0.3886,0.3869,0.3941,0.4334
1.0619,0.5681,0.8298,0.7898,0.7591,0.6006,1.0260,1.2378,2.5931,2.5339,2.9601,2.8419,2.7179,3.0470,4.3309,7.7548,12.7419,19.4412,16.0101,11.1463,8.3836,5.5853,4.6891,5.6170,6.6355,6.6140,6.7472,6.1454,6.4577,6.4667,6.1950,5.7412,6.2543,6.3057,6.1905,6.0535,6.3838,6.6091,6.2571,7.4058,6.8846,7.0513,7.0010,6.2580,6.3583,6.6080,7.1123,6.0884,7.0173,6.8124,6.4463,6.9794,6.3942,6.4870,7.6724,8.4123,7.7334,7.8344,7.7636,7.8627,7.9797,8.7931,9.7936,10.1095,10.0680,9.9975,10.6683,10.0585,10.5603,9.7996,9.9545,9.9736,9.6960,9.1226,8.6275,8.6843,8.8699,8.8109,8.3510,7.1878,7.2745,7.2001,6.4150,6.0420,5.7667,5.3895,5.1334,4.5280,4.5463,5.0837,5.0762,5.6733,5.0149,5.2909,5.2378,5.0729
2.2589,1.7922,2.2576,2.1915,2.2561,1.8286,2.3108,1.7344,2.1954,2.3406,2.3345,2.6336,2.6973,3.5746,4.1291,4.0975,2.7668,2.7163,3.7736,3.6086,3.3615,2.8047,2.4686,1.3863,2.5592,2.2412,2.7877,2.6720,3.0803,2.7149,1.9560,1.3125,2.6664,1.7432,1.7392,1.3377,1.6852,1.9034,1.3922,2.8972,2.4587,1.9564,3.2522,2.3301,2.5118,2.2092,3.9658,3.1510,3.8450,3.8232,3.7973,5.0292,4.9638,5.1009,5.1563,5.8324,4.5659,4.8466,5.0516,5.7754,3.6784,5.1028,5.9118,6.4310,6.0446,5.5644,5.7662,7.2620,7.4395,8.7364,7.7928,9.8550,7.9788,6.6308,7.1878,7.4621,7.0367,6.3302,6.6082,4.9076,5.7500,5.4966,3.1993,4.7825,3.2601,4.1422,3.5462,3.7380,4.0499,4.1510,4.5073,4.1373,3.1906,3.3680,3.5226,3.2677
0.6823,0.7619,0.7282,0.8126,0.6673,0.6426,0.8242,0.7557,0.7180,0.7651,0.8008,0.8708,0.7587,0.7210,0.6258,0.7426,0.6407,0.7595,0.0659,1.6048,6.9255,9.0073,9.7786,10.6011,10.4456,9.9841,10.1309,9.7672,9.2778,8.8408,8.5885,7.9885,7.8743,7.6307,7.3986,7.2875,7.0897,7.0999,6.7082,6.7420,6.7511,6.6008,6.6138,6.4141,6.3632,6.2476,6.2009,5.9015,6.0909,5.9105,5.6232,5.6527,5.8931,5.5363,5.7743,5.7425,5.5532,5.5535,5.2853,5.4951,5.3999,5.3590,5.2604,5.1833,5.3378,5.3091,5.2960,5.5655,5.9767,5.6984,5.4101,5.4946,5.3122,5.0877,4.9851,5.0803,4.7151,4.8932,4.7416,4.3179,4.5924,4.5378,3.9204,3.8078,3.8775,3.9434,3.7620,3.4377,3.6934,3.4017,3.6589,3.4346,3.4449,3.4366,3.6739,3.2538
10.1260,13.6444,11.7750,6.2521,4.5793,4.3584,4.8910,3.8717,3.1546,3.6274,4.7333,4.5561,4.4498,3.9438,3.7823,3.8265,3.6553,3.0564,1.9336,1.0464,0.8641,0.6581,0.8387,1.5720,1.6054,1.8921,1.7308,1.7544,1.9601,1.8683,1.7577,1.8166,1.8357,2.3447,1.9607,2.0183,2.0117,2.0289,2.0100,2.2076,2.6877,2.1567,2.4683,2.4316,2.8266,2.7866,2.4203,2.3244,2.6398,2.8213,2.6941,2.6517,2.4099,2.7615,2.6614,2.2934,2.6753,2.5467,2.7061,2.5509,2.2161,2.2046,2.5325,2.7535,2.6822,2.4399,2.2386,2.4505,2.6713,2.8714,2.7095,3.2233,2.8053,3.1215,3.2763,3.2700,3.5945,3.2104,3.3213,3.7366,3.0354,3.8661,3.4359,3.5628,3.1070,3.6014,3.2353,3.6720,3.4487,3.7592,3.9098,3.5910,3.9944,3.7211,3.7184,3.7373
17.6051,13.4858,12.9187,12.1003,11.1131,10.4902,10.5502,10.7940,11.7532,15.8360,19.6024,18.2763,14.7454,10.9023,12.0133,12.6841,12.5883,11.7339,12.2812,15.3810,19.5166,19.0835,19.1280,19.6991,19.7695,19.1633,19.5381,19.5696,18.9493,19.1454,18.9256,18.2624,19.1046,19.5477,19.6357,18.8590,18.5431,19.4536,18.3534,19.3188,19.1108,18.8471,19.6461,19.1287,19.6754,18.0999,18.9911,18.6883,18.8382,19.2271,18.2218,19.3582,19.5808,18.7089,19.3837,19.2529,18.6921,18.4654,17.1686,19.1935,17.7448,18.0689,17.8518,18.7481,17.8634,17.5443,17.9589,18.4015,18.6698,17.7557,18.3552,17.8522,18.0189,17.6906,17.8793,19.3811,18.5938,17.9481,18.5403,18.7386,17.9675,18.1862,16.1620,16.8021,17.0684,17.3686,17.6099,17.0839,16.5357,16.7781,16.0452,16.3887,15.6335,14.9914,15.3491,14.4151
8.7458,9.9165,11.5604,11.7369,10.6781,8.9694,8.0633,6.3353,5.1814,5.0840,4.8423,5.6510,6.1997,4.4043,3.7788,2.4311,2.0095,2.2904,1.9832,1.0786,1.4478,1.4297,1.3191,1.3671,1.3028,1.7593,1.4179,1.4148,1.5238,1.5726,1.7837,2.1699,1.5078,1.7015,2.0817,2.0378,2.0070,2.1468,2.2743,1.9254,2.8495,2.4707,2.8479,2.7155,3.4194,3.1981,3.0501,3.1559,3.0595,3.2154,3.6246,3.3880,3.2570,3.6578,2.8981,2.3336,3.0480,2.4979,2.6489,3.0339,2.4440,2.5591,2.1171,2.5055,2.8758,2.1045,2.4455,2.6013,2.5252,2.9095,3.6107,3.6625,3.6939,4.2217,3.7234,3.7123,4.1253,3.9630,4.5928,4.7078,4.6698,4.7715,5.6381,5.5962,4.8098,5.4928,5.8782,5.6160,5.6573,6.4336,5.9976,5.3982,5.7611,5.8675,5.4146,6.3709
0.1285,0.1058,0.2140,0.1209,0.2235,0.2391,0.1183,0.1562,0.0794,0.1160,0.1080,0.1328,0.1672,0.0934,0.1174,0.0889,0.6913,0.8485,0.0358,0.0000,0.0562,0.0897,0.1267,0.0687,0.1234,0.1659,0.0118,0.0000,0.0764,0.0723,0.1075,0.1278,0.0415,0.2206,0.0334,0.0070,0.0434,0.1840,0.0645,0.0945,0.2024,0.1839,0.1050,0.2087,0.2717,0.2964,0.2412,0.3243,0.5071,0.4236,0.4054,0.4022,0.3023,0.5022,0.5825,0.4144,0.5709,0.5998,0.5576,0.4946,0.5096,0.5242,0.5376,0.6921,0.6911,0.4210,0.4721,0.5679,0.4133,0.5153,0.5635,0.5704,0.5368,0.5009,0.5084,0.2982,0.2926,0.3075,0.3879,0.3856,0.2228,0.2386,0.3521,0.1048,0.0000,0.3064,0.3310,0.0844,0.2746,0.3798,0.2459,0.1508,0.2312,0.2988,0.2778,0.5540
0.3319,0.2549,0.1698,0.3302,0.3186,0.3293,0.7671,0.7052,0.2909,0.2027,0.3151,0.3732,0.3653,0.3572,0.3601,0.3433,0.3403,0.3464,0.3443,0.3280,0.3486,0.3396,0.3581,0.3542,0.3444,0.3330,0.3318,0.3525,0.3503,0.3717,0.3620,0.3573,0.3502,0.3854,0.3719,0.3812,0.3931,0.3697,0.3556,0.3439,0.3652,0.3461,0.3544,0.3423,0.3889,0.3787,0.3805,0.4070,0.3914,0.4007,0.4038,0.4088,0.4244,0.4086,0.4235,0.4151,0.4258,0.4135,0.3825,0.4160,0.3848,0.3920,0.3913,0.3912,0.3809,0.3695,0.3685,0.3930,0.3880,0.3808,0.3682,0.3818,0.4071,0.4056,0.3917,0.4129,0.4480,0.4079,0.4333,0.4255,0.4051,0.3902,0.4184,0.4237,0.4410,0.4227,0.4070,0.4178,0.4287,0.4393,0.3924,0.3860,0.4150,0.4147,0.4180,0.4262
0.3177,0.2940,0.3683,0.3296,0.2709,0.3307,0.3551,0.2971,0.3522,0.3258,0.3375,0.3402,0.3240,0.2671,0.3135,0.3264,0.2151,0.2337,0.3446,0.3384,0.2959,0.2988,0.3255,0.1973,0.2792,0.2492,0.3116,0.2677,0.2988,0.2963,0.2956,0.3504,0.3217,0.3246,0.2461,0.2662,0.2569,0.2016,0.1908,0.2146,0.2268,0.2333,0.3644,0.2514,0.3170,0.3250,0.4165,0.4869,0.4840,0.4162,0.4333,0.5414,0.5786,0.5463,0.5410,0.4789,0.5322,0.5383,0.5835,0.5914,0.4970,0.5612,0.5005,0.6589,0.6786,0.6268,0.6453,0.6459,0.7457,0.7465,0.6391,0.7518,0.6790,0.7174,0.6559,0.8205,0.8449,0.7813,0.8978,0.8390,0.8217,0.7866,0.6823,0.7159,0.5472,0.5795,0.5753,0.4668,0.4761,0.4769,0.4500,0.3543,0.2950,0.3460,0.3416,0.3073
0.3278,0.2910,0.3104,0.2997,0.2898,0.3480,0.3289,0.3411,0.3048,0.3016,0.3425,0.3362,0.3436,0.3055,0.2699,0.3232,0.3626,0.3309,0.2824,0.3815,0.4797,0.6258,0.9036,0.3855,0.2969,0.2977,0.3399,0.3568,0.3889,0.3555,0.3609,0.3521,0.3909,0.3919,0.3275,0.3270,0.3432,0.3157,0.2984,0.3429,0.3861,0.3491,0.4399,0.4294,0.4332,0.4455,0.5428,0.4395,0.5694,0.6037,0.5455,0.5851,0.6363,0.6547,0.7336,0.7476,0.7006,0.6778,0.7220,0.6961,0.6773,0.7128,0.7547,0.6252,0.7358,0.7045,0.6785,0.6733,0.6373,0.5474,0.4877,0.4849,0.5044,0.4825,0.4235,0.5118,0.4839,0.4868,0.4927,0.3772,0.3663,0.3675,0.3545,0.3592,0.3019,0.3290,0.3148,0.2734,0.3478,0.4132,0.3630,0.3451,0.4457,0.4930,0.4789,0.4325
0.1821,0.1729,0.2511,0.2736,0.3119,0.2939,0.2867,0.2697,0.2823,0.2815,0.2963,0.2876,0.2688,0.2753,0.2704,0.2671,0.2518,0.2788,0.2553,0.2680,0.2842,0.2721,0.2659,0.2314,0.2759,0.3167,0.3059,0.3227,0.3271,0.3554,0.3425,0.3113,0.3269,0.3807,0.3091,0.3116,0.2970,0.3393,0.3532,0.3532,0.3444,0.2893,0.3137,0.2808,0.3347,0.3746,0.3275,0.3239,0.3596,0.3689,0.3693,0.3562,0.3646,0.4552,0.4565,0.4056,0.4416,0.4443,0.4562,0.4379,0.4700,0.4695,0.4478,0.4828,0.4904,0.4431,0.4355,0.4654,0.4771,0.4830,0.4937,0.5308,0.5292,0.5259,0.5549,0.5363,0.5146,0.5301,0.5067,0.5055,0.4663,0.5316,0.5443,0.5012,0.3972,0.5065,0.4549,0.4372,0.4576,0.4509,0.4280,0.4032,0.4322,0.4649,0.4875,0.4938
0.3374,0.2927,0.3189,0.3417,0.3192,0.3310,0.4080,0.3130,0.3867,0.3639,0.3738,0.4290,0.3838,0.3755,0.3415,0.3361,0.2673,0.4004,0.4771,0.7017,0.9874,1.6245,2.3443,2.4261,2.4948,2.5175,2.4781,2.5060,2.3702,2.2362,2.1061,2.0557,2.1370,2.0683,1.9851,1.9150,1.9364,1.8995,1.8375,1.9435,1.9986,1.8375,1.9477,1.9378,1.9585,1.9311,2.1011,1.9577,2.0005,2.0764,2.0295,2.2080,2.2628,2.2835,2.4344,2.2582,2.1444,2.2657,2.2235,2.2857,2.0598,2.1810,2.3582,2.2232,2.4040,2.3099,2.3178,2.3980,2.4754,2.5488,2.3890,2.5377,2.6287,2.4859,2.3709,2.3665,2.4661,2.2965,2.2829,1.9811,2.0330,2.0863,1.7974,1.7988,1.7198,1.7460,1.7043,1.6160,1.6073,1.6677,1.6520,1.5372,1.5724,1.6546,1.5259,1.5467
29.0815,31.0437,36.4295,38.1163,37.8669,32.9666,27.7356,27.8991,30.0691,31.4609,35.8549,34.3899,29.8219,27.9452,28.0176,26.6931,27.4316,26.9366,25.9026,26.0963,30.1675,30.5314,29.5991,31.8135,32.0545,31.7089,33.1479,33.2321,32.7607,31.9297,31.0898,31.8282,32.9115,34.1282,33.6321,33.7482,33.4787,34.0169,33.6187,34.2366,33.8721,33.4878,34.9272,33.3122,34.3645,32.4126,33.7207,32.8623,33.1750,34.2577,31.8239,34.0388,32.9228,32.2361,33.2967,31.7203,31.8241,31.3054,29.7642,31.5930,29.5049,28.5714,30.1267,32.1284,30.8809,29.7895,29.8983,30.7572,30.4731,30.0345,30.1102,31.2080,31.0813,30.0703,29.1985,31.9058,32.1874,29.4873,30.0651,30.9501,28.9875,30.0438,27.1790,27.0826,27.4412,28.9950,28.6770,27.6591,28.2934,27.1801,26.3347,26.1374,25.6448,26.4247,27.5825,26.3379
27.0844,30.3140,29.3433,32.7125,36.6321,48.9574,60.3970,59.0228,52.5411,50.2687,50.9849,42.9292,33.9287,30.1871,28.8009,28.8715,27.7456,28.5670,27.3226,23.4957,19.3503,18.4151,19.8965,21.5963,22.4018,22.1327,22.4506,23.2878,24.2683,24.2099,23.6099,22.6391,23.2871,23.2621,21.8220,22.2167,23.3176,21.5527,21.1690,19.9641,20.6935,19.5195,19.8717,19.4985,20.0768,21.1250,21.4774,20.5928,20.3866,21.0837,22.4030,23.6268,24.6330,24.7459,26.7059,24.3066,25.8776,26.5930,26.2194,24.0480,24.2337,25.1613,26.2786,26.9775,27.0703,26.3978,27.1084,27.7497,27.4035,29.1421,27.6915,31.2118,31.7127,32.1704,31.4614,29.5908,33.5924,32.0422,31.4851,28.9265,28.0846,29.7572,28.5925,28.5773,28.3089,28.0294,26.7948,27.2765,27.2594,28.8868,27.6797,25.9993,26.0625,27.3555,26.7883,29.2712
44.8532,35.1307,33.9430,30.9501,28.6595,24.3473,19.4338,14.4431,14.8405,19.0657,25.8932,30.8888,31.4914,29.9832,30.1306,37.4238,42.7702,41.6848,38.7129,35.9371,31.8650,30.7752,30.7860,33.4840,36.1123,36.5995,35.7804,36.2791,36.0816,37.0159,36.7968,36.1278,33.8002,36.4102,35.8319,36.1710,35.9429,36.2096,34.8273,35.2064,36.7113,34.8897,36.5423,35.8706,36.7501,35.5966,34.0905,34.8601,35.5835,33.2490,35.2664,32.8872,32.8160,33.5330,34.2491,33.4717,33.1623,32.8882,31.3289,33.1975,30.0362,32.6007,32.0255,33.3597,34.2656,31.3719,33.2946,34.8444,34.3904,34.9056,36.2285,36.5361,36.5896,36.0416,35.4351,35.9335,36.4732,37.2408,37.9722,38.8864,36.8466,36.1687,37.5062,37.2925,32.6661,36.8218,33.9776,33.9077,33.6792,33.8413,31.6284,33.8834,33.3278,33.8043,33.4328,33.8916
58.9010,60.4851,65.6425,68.4070,67.9495,77.0620,84.0610,86.9282,91.5378,88.7588,88.3250,86.4176,84.1703,79.8330,80.3635,81.5323,83.2933,87.2327,85.8818,83.9686,86.9047,83.6713,76.6688,70.7400,67.2866,66.1344,67.0891,67.0345,67.7376,66.6196,66.6739,65.7109,64.8681,67.2241,64.2630,64.7442,65.5760,64.7619,65.0052,63.9476,60.9469,61.2210,59.8590,56.7888,57.1671,58.1703,58.9809,59.4039,56.6397,57.8656,56.1565,57.9539,57.2113,56.7583,55.8677,56.1912,56.5210,54.4415,54.2287,57.5220,56.8465,56.2156,51.7614,53.1336,52.7878,53.0638,54.9525,55.6058,51.4513,54.0895,51.7481,51.8580,51.5900,48.1573,49.9798,53.8283,53.1142,51.3251,49.4139,51.6431,48.4356,49.2037,48.9920,50.2462,51.4417,50.9786,52.1436,52.2691,51.1979,48.6356,50.2307,51.6070,48.2499,47.9165,47.8043,45.3796
3.3577,3.3909,3.5554,2.7073,3.8572,3.5832,2.9498,2.4352,3.0173,2.7171,3.1146,3.3869,3.1425,3.2139,3.2612,2.5872,3.2638,3.5091,3.7467,3.3426,2.7743,2.8411,3.3786,2.4475,3.2900,4.6461,3.2049,3.3790,3.4506,3.7302,3.6699,3.6619,2.5733,2.6474,1.9991,2.7117,3.0807,3.8326,3.8607,2.9749,3.4730,3.1434,2.5363,2.8999,4.2688,5.6038,4.2254,5.2312,4.9645,4.5591,6.5276,4.1264,6.2470,8.0130,7.5177,4.1697,7.3616,8.7754,7.3288,7.9289,7.7071,8.2293,7.6981,8.9178,11.2605,9.2263,9.4401,11.2087,9.9533,12.1363,12.5162,13.0450,12.5989,14.2453,12.4623,11.6641,11.9944,12.4659,13.0829,11.1941,11.7361,11.8493,14.4532,12.4040,10.8113,13.8223,15.2631,12.7185,11.5919,12.6773,11.6093,10.0413,8.3492,10.9952,8.8889,12.9560
0.3354,0.2992,0.3558,0.3164,0.2915,0.3001,0.3017,0.3199,0.3352,0.3301,0.3561,0.3492,0.3061,0.2558,0.1642,0.1976,0.2119,0.2892,0.3205,0.2520,0.1901,0.1395,0.1691,0.2778,0.3450,0.3651,0.3868,0.3496,0.3698,0.2979,0.3158,0.2089,0.2875,0.3150,0.2546,0.3032,0.3790,0.3131,0.2334,0.3374,0.3212,0.3002,0.3624,0.3655,0.4319,0.3768,0.5589,0.4126,0.5231,0.5310,0.5093,0.5412,0.5741,0.5902,0.6750,0.7572,0.6914,0.6494,0.6923,0.6439,0.5473,0.5855,0.6185,0.6621,0.8068,0.7142,0.6885,0.7536,0.7626,0.7332,0.6609,0.7134,0.6761,0.5938,0.5332,0.5861,0.6194,0.4346,0.4225,0.2121,0.3732,0.4375,0.3529,0.3486,0.2583,0.2812,0.2676,0.2567,0.3594,0.4298,0.4013,0.4575,0.4668,0.4944,0.4339,0.3695
0.4733,0.4617,0.4728,0.8491,1.2884,1.4338,2.0469,1.9119,1.0768,0.6859,0.5672,0.6796,1.1749,1.1909,2.1897,3.3284,3.9652,3.2924,2.5473,3.9066,5.4461,5.8079,5.7494,4.7160,4.5763,4.5951,4.7629,4.6847,4.7838,4.5288,4.2216,4.0832,4.1162,4.2727,4.0977,4.0706,4.2570,4.1914,4.0937,4.1850,4.1940,3.9728,4.0252,3.8754,4.0117,3.9848,4.1247,3.9574,4.2071,4.0441,3.9931,4.2007,4.2536,4.1774,4.4502,4.2134,3.9973,4.1686,4.0761,4.4309,4.2055,4.3299,4.8832,4.4596,4.8834,4.6757,4.7232,5.2877,5.3353,5.3522,4.8196,5.2821,5.2108,5.0551,4.8005,5.0377,5.0175,4.8571,4.8515,4.4267,4.5954,4.3608,3.9033,4.0656,3.7240,3.9120,3.9603,3.7838,3.5850,3.6621,3.7184,3.3885,3.5935,3.6662,3.6004,3.5981
0.5357,0.5871,0.6375,0.5462,0.6037,0.6736,0.7159,0.5534,0.6170,0.6311,0.9113,1.3527,1.3932,1.8127,1.9915,2.4080,1.9678,2.0698,2.0961,2.6304,2.9142,2.6327,2.3880,2.1484,2.1849,2.3704,2.2350,2.1733,2.3018,2.3104,2.3321,2.1456,1.9293,2.2148,1.9368,2.0003,2.0072,2.0662,2.1365,2.0797,2.1187,1.8325,1.9558,1.8062,2.1893,2.2330,2.1676,2.0375,2.0779,1.9956,2.1598,2.0308,2.1424,2.4092,2.2804,2.0212,2.1553,2.1931,2.3731,2.4319,2.3595,2.5423,2.2994,2.4289,2.4510,2.3489,2.4760,2.6803,2.8548,3.0406,3.0828,3.1974,3.0904,3.2762,3.0457,3.2308,3.1867,3.2774,3.2772,3.1562,3.0010,3.3341,3.3911,3.2575,2.9753,3.3633,3.2696,3.1253,2.8910,2.9904,2.9120,2.7530,2.5713,2.8008,2.6935,2.9875
7.6182,7.3182,8.6154,9.2723,9.5480,10.6978,10.8216,10.6458,11.6209,11.7568,12.1721,12.3906,11.7755,10.9120,10.4894,9.7557,9.4845,9.4185,9.8478,11.1663,13.0789,13.3554,12.2715,11.5049,11.6815,11.7067,12.3094,11.9141,12.1495,11.9359,11.2934,11.5458,11.3977,11.8239,10.9344,11.1410,11.1089,11.3120,10.8768,11.4235,11.3858,11.4015,12.1196,11.9450,11.9813,11.8692,12.6447,11.7031,13.3048,12.6364,12.2249,13.1996,13.6266,13.0882,13.3656,13.4462,12.6526,13.1476,13.1695,13.5456,13.3022,13.3811,13.5422,13.9273,13.9368,13.7377,14.4872,14.7303,14.0775,14.6389,13.8402,14.4778,14.6178,14.2163,13.1350,14.6092,14.5317,13.8152,13.7098,12.9118,12.2427,12.3988,10.8028,11.8496,10.6860,11.0339,10.7726,10.5067,10.8872,10.7435,10.6115,11.1239,11.0933,10.9830,11.2909,10.4670
7.8358,8.4655,7.4224,5.7432,5.2924,6.1715,7.2705,6.9850,6.9738,5.3485,3.3363,2.2742,1.5810,1.5179,1.4991,1.5250,1.3453,1.7833,1.8915,1.9713,2.2790,2.2376,1.9910,1.6544,1.5950,1.8877,1.5615,1.4842,1.6959,1.6113,1.5769,1.5598,1.4460,1.2401,1.2857,1.1658,1.4578,1.6661,1.7746,1.5818,2.1786,1.7693,1.9107,1.9602,2.3405,2.5906,2.2528,2.5418,2.7167,2.3305,3.1198,2.5235,2.7336,3.2549,2.9875,2.3440,3.1166,2.9928,2.9581,3.0121,2.8807,3.1463,3.3900,3.2996,3.7391,3.3159,3.6012,3.8248,4.0324,4.3209,4.6133,4.8337,4.5959,4.9823,4.1933,3.9189,4.5641,4.3607,4.3259,4.0233,3.8972,4.0294,4.6539,4.6081,3.9753,4.4676,4.5657,4.4711,4.2075,4.8705,4.4457,3.9918,4.1340,4.2708,3.7144,4.6114
0.3565,0.4210,0.3462,0.3696,0.4117,0.4117,0.3995,0.4174,0.3829,0.4515,0.4980,0.4619,0.4719,0.4986,0.4389,0.4646,0.4646,0.5043,0.5441,0.5727,0.5586,0.5346,0.5595,0.4761,0.5344,0.5632,0.4845,0.5280,0.4498,0.5268,0.4693,0.4789,0.5099,0.5637,0.4408,0.4125,0.4136,0.4744,0.3920,0.4182,0.4590,0.4426,0.4560,0.5107,0.4813,0.5571,0.4566,0.4735,0.5429,0.5053,0.5249,0.4472,0.4683,0.6478,0.6676,0.5863,0.6035,0.7303,0.7866,0.7374,0.7279,0.7368,0.6778,0.8517,0.9499,0.8100,0.8453,1.0001,0.8743,1.1142,0.9222,1.1127,1.0546,1.1140,0.9354,0.9785,1.0233,1.1305,1.0132,0.8378,0.7399,0.8696,0.8114,0.8307,0.6662,0.8384,0.8927,0.8040,0.7557,0.8797,0.8339,0.9398,0.8270,0.9310,0.8829,0.8792
0.2654,0.2479,0.3130,0.2296,0.2080,0.1703,0.2292,0.2917,0.5384,0.5325,0.7438,0.7171,0.4077,0.2512,0.3276,0.5336,0.3285,0.7884,1.7940,1.6768,0.8828,0.5489,0.5254,0.2614,0.3562,0.3587,0.4909,0.3659,0.5130,0.4176,0.4197,0.3109,0.4879,0.3867,0.3199,0.3454,0.3920,0.4388,0.3044,0.5475,0.3917,0.4532,0.6618,0.5219,0.5643,0.5213,0.7376,0.5122,0.7699,0.6406,0.6438,0.7414,0.7476,0.7495,0.8595,1.0464,0.9545,0.9816,1.0530,0.9837,0.8516,1.0669,1.1184,1.2500,1.2899,1.2763,1.3273,1.4043,1.3654,1.3736,1.2193,1.4354,1.2307,1.0100,1.0253,1.0341,1.0275,0.9188,0.8373,0.5766,0.7357,0.7221,0.4878,0.6028,0.3967,0.3989,0.4129,0.2705,0.3668,0.3618,0.3620,0.4918,0.3502,0.3719,0.4025,0.2600
0.5364,0.5257,0.5765,0.5604,0.4764,0.4674,0.5666,0.6079,0.5539,0.5135,0.5712,0.5588,0.4682,0.4388,0.4603,0.5244,0.4745,0.4436,0.4610,0.5384,0.6165,0.5402,0.4838,0.4376,0.5560,0.6584,0.8727,0.7668,0.8542,0.8353,0.7488,0.5723,0.7596,0.6227,0.4586,0.5436,0.7099,0.6681,0.4178,0.7362,0.5341,0.6620,0.7699,0.5423,0.5973,0.7706,1.0295,0.7841,1.1821,1.2435,0.9707,1.1928,1.2049,1.2506,1.5041,2.0633,2.0591,1.8203,1.8364,1.8338,1.6864,1.9614,1.9838,1.9048,2.0658,2.0417,1.9392,2.0904,2.0277,1.9188,1.6830,1.7901,1.3716,1.2147,1.1562,1.0724,1.2282,0.8552,0.7875,0.2196,0.5443,0.6433,0.4169,0.2879,0.2897,0.2717,0.0880,0.2280,0.3575,0.4730,0.3734,0.4318,0.5220,0.6232,0.7048,0.4970
51.6340,51.3993,51.5145,51.8022,49.9784,50.1589,49.0336,47.5903,56.2519,66.8863,70.5952,70.6544,70.8301,67.6666,71.1783,72.4590,73.8073,74.6810,72.0780,65.6818,64.4111,62.9577,59.1498,48.8759,45.0347,44.7989,46.4326,46.4115,47.4291,44.8530,42.9989,44.2853,45.2943,47.4508,46.6993,47.0756,47.7228,48.3081,48.7953,50.4078,48.9997,50.0357,49.5729,46.7724,48.8870,45.0306,49.3885,46.2350,46.3685,47.0515,44.5526,46.8026,45.8466,46.1995,46.8301,46.6442,45.4349,43.0680,42.7044,45.8671,42.6238,42.6319,44.7764,44.9478,43.4580,41.7116,44.2334,45.5454,44.7825,44.8728,43.0110,46.6524,42.3793,40.0934,39.8693,41.8602,41.2225,38.9590,39.7806,40.3898,36.6430,39.6230,33.7675,34.2886,34.9269,37.1298,36.8241,36.9216,39.9789,39.2246,39.6434,41.1090,39.6457,39.6310,41.8642,39.4200
54.7446,57.7311,57.1975,51.8228,48.4431,46.1166,40.7632,39.9483,44.8348,50.2490,55.9884,59.5763,54.4160,57.4726,70.2200,72.8373,69.4567,64.6668,54.3574,47.0138,47.6067,50.7669,50.4747,47.2357,48.7811,49.1329,47.8587,47.7161,49.7904,48.4619,49.1841,48.6172,46.3529,48.7402,47.0423,46.9017,47.2564,45.1607,48.8452,46.5979,47.0862,46.0781,45.6460,43.8796,43.8863,43.7822,42.2927,42.6762,41.5513,40.6262,40.9718,39.3792,39.0706,42.3736,40.9380,36.9148,38.9989,38.5951,37.6192,37.6945,39.1157,39.1360,37.3499,37.9247,38.0419,36.7323,35.2464,35.9948,36.1991,37.6073,38.3149,38.9279,38.3019,37.7237,39.0305,38.6839,39.7405,38.6590,40.4276,42.4768,39.3003,38.9257,40.9333,40.0205,36.9346,40.2952,40.5776,39.3979,38.8792,40.3548,39.0433,37.8869,39.3438,39.1644,38.6292,40.5326
43.4647,43.4585,47.4179,47.3872,44.7207,44.5294,47.3308,45.0033,39.0302,34.7263,32.9918,31.4819,29.1362,28.9707,29.3687,30.4917,32.2388,31.8276,29.3280,25.2197,23.8980,23.5908,26.4250,29.7887,30.7158,31.3949,31.2211,31.3884,32.1787,31.4093,31.3163,31.1732,30.5643,30.2442,30.1715,30.1763,30.3168,29.6887,30.1964,29.7253,30.9567,30.7164,31.3929,30.3929,31.6558,31.5330,30.4442,30.9519,30.5866,29.8981,31.1513,29.5519,30.2740,30.3729,30.3932,28.6463,30.7005,29.2790,29.5644,29.5584,30.0107,30.8871,31.1130,30.8638,32.9201,31.2435,31.4714,31.7438,30.7141,31.9061,32.6524,33.4130,32.5085,33.4076,33.1178,32.6173,33.8581,32.7857,33.6514,33.6905,32.5409,33.0089,33.8043,32.7805,32.3265,33.3860,33.3843,32.6053,32.4778,33.6250,31.1826,29.9870,31.3832,31.2634,30.5186,31.8579
1.8318,1.7738,1.8109,1.3579,1.9115,1.8028,1.4804,1.3316,1.6188,1.4432,1.5645,1.7381,1.5386,1.5608,1.6229,1.2423,1.5634,1.7116,1.8857,1.5777,1.3541,1.3331,1.5450,1.0957,1.6030,2.2479,1.5933,1.7303,1.6643,1.8290,1.8325,1.6870,1.4250,1.5096,1.0130,1.4555,1.6166,1.8627,1.7990,1.5810,1.5659,1.4961,1.0898,1.3762,2.1142,2.7015,2.0306,2.3989,2.0997,2.1070,2.7864,1.8418,2.7830,3.5734,3.3076,1.9794,3.3026,3.7056,3.1509,3.4517,3.2387,3.4207,3.0349,3.6505,4.5565,3.6731,3.8293,4.7190,4.0632,4.8881,5.0392,5.3804,5.1154,5.6656,5.1235,4.8942,4.9302,5.0850,5.1783,4.4836,4.8415,5.1642,6.1150,5.1048,4.3361,5.8882,6.3588,5.3043,4.8887,5.1490,4.9915,4.4014,3.6061,4.7889,3.8945,5.5770
0.5917,1.1033,0.6901,0.4258,1.3445,2.7966,4.0969,5.4433,6.1440,6.9382,7.0143,5.9450,4.0450,2.8650,2.0631,2.2589,2.4495,2.5636,2.5183,2.1275,1.6739,1.4997,1.4053,1.3975,1.3393,1.2173,1.3980,1.3589,1.4361,1.4747,1.5147,1.6152,1.3496,1.6506,1.4653,1.4584,1.5859,1.5573,1.7062,1.7053,1.6034,1.7179,1.5704,1.5059,1.6539,1.4864,1.6187,1.5670,1.5473,1.6705,1.6899,1.8409,1.7173,1.6794,1.8310,1.5711,1.6257,1.6623,1.6548,1.3195,1.5843,1.2213,1.3377,1.3833,1.3439,1.3466,1.3611,1.3147,1.5610,1.4941,1.4078,1.4909,1.3827,1.3417,1.2616,1.2169,1.4505,1.3266,1.0533,1.0030,0.9332,1.0736,1.0173,0.8237,1.0114,0.9179,1.1748,1.0338,1.2159,1.4233,1.4240,1.4574,1.3439,1.2450,1.5482,1.5290
7.6949,9.1198,10.3282,13.5038,13.1991,11.5006,10.7698,11.5090,14.3582,14.2646,16.1540,23.2281,34.6636,42.1033,54.4021,71.4507,82.0726,89.7667,88.1546,86.4836,84.0914,81.6549,80.3929,80.4621,78.3093,75.9565,76.3863,74.6330,74.0032,69.5349,69.0080,67.6989,63.9802,66.3086,65.2372,65.2915,64.9760,64.6309,64.5598,65.3993,61.9022,63.3836,61.8113,60.1549,61.6854,61.4088,61.9679,58.8587,57.5043,56.8616,54.1724,53.1543,51.5478,50.2382,51.0283,49.8159,47.9045,49.3966,47.5614,48.3421,48.1946,48.3175,49.0111,48.6281,48.2547,49.4842,49.2706,49.5942,54.5260,52.3655,48.8760,49.6642,48.7957,48.2903,47.9686,45.5541,45.9576,47.4089,45.9469,45.5735,43.2743,44.3291,40.5902,37.8664,42.2085,41.8141,40.9970,39.0544,40.0007,38.4784,39.6176,40.8376,40.3059,38.9890,43.4520,41.1669
62.0698,57.8902,55.0756,54.0449,53.5242,49.1347,42.0725,40.6140,54.6358,65.9288,73.6684,76.4989,80.2041,80.4484,82.8491,82.3059,81.7050,82.1165,81.5282,83.2980,83.0784,84.1292,83.5403,78.6739,76.8894,74.7711,75.1474,75.1264,75.0798,73.1084,74.1423,72.2689,69.8348,70.1477,68.4414,67.9777,67.4170,66.3073,67.5089,65.2699,63.6940,64.2340,62.8393,60.2349,60.9805,61.0458,60.6931,61.8749,60.2501,59.5517,57.6422,57.3379,56.0998,57.4031,56.0088,59.0550,57.8409,55.6081,57.6546,59.3026,56.5415,57.6475,54.2108,55.4037,54.5075,54.8124,53.2390,51.9081,50.3255,49.5530,47.4206,47.3421,45.0629,43.0836,44.3288,44.1749,43.7983,43.5420,42.0477,44.5446,43.1022,43.0325,43.5668,43.4449,42.8341,43.8663,45.1241,43.8660,45.6208,44.4163,45.6728,45.2387,43.0725,43.5304,43.7962,41.0293
2.7341,2.8837,3.0778,2.6616,4.2711,4.2105,3.5902,3.8022,4.6481,3.9889,3.4414,3.7230,4.5818,5.2623,6.9564,8.8954,14.0014,14.7506,13.1545,9.8063,7.4040,5.2980,3.9401,1.9867,2.6480,4.1675,3.5622,2.6752,3.8928,3.9051,4.6949,5.3515,3.9603,5.6289,4.7720,4.1228,4.8664,5.5901,6.2062,5.7847,7.3191,7.3303,6.9360,7.0936,8.3359,10.0145,7.7037,8.8066,8.5561,8.2373,9.2346,7.6434,6.8706,8.8676,8.9857,6.7387,9.0895,10.0104,9.4278,8.2725,10.4471,9.8541,11.0306,11.5991,13.5312,10.2511,10.2311,10.9424,9.4879,11.0685,11.9790,12.0036,12.4158,13.8317,12.9485,9.6218,10.6486,10.1891,11.4456,11.7785,11.1008,9.5580,13.4230,12.4038,10.3890,13.0448,13.8327,12.8130,11.6462,13.9466,11.6694,10.5081,10.6409,11.4303,9.9214,13.9322
17.2484,16.8593,17.4915,20.4707,23.0891,22.4606,22.8041,23.2703,26.8365,30.6978,30.3509,27.2276,24.3827,20.1881,18.2946,16.8876,15.6978,13.9213,14.6055,15.9677,17.9731,19.9222,19.9998,18.3489,17.9674,17.4349,18.9739,18.5241,19.5831,18.9873,18.2228,18.4115,18.7774,19.1500,18.4522,18.8527,18.9506,18.7825,18.4537,19.2117,18.4389,18.7212,19.3119,18.3087,18.4711,17.0937,19.1596,17.2898,18.4832,18.2708,17.3403,18.7742,18.5715,17.8768,18.0855,18.2274,17.6277,16.9062,16.8278,17.0382,16.7379,16.2392,16.7185,17.6064,17.7146,16.6776,17.6796,18.0462,17.0136,16.6581,16.3210,17.6468,16.5481,15.7717,15.3487,16.5870,16.5902,15.4917,15.4625,14.9023,14.0317,15.0182,12.8598,13.3287,12.6857,12.6585,13.4666,12.4115,13.8303,13.2929,13.5025,14.8657,14.1217,13.7110,14.8226,13.4171
