27.9700,12.4500,8.2700,14.2800,20.7500,14.2700,19.2400,33.0800,41.8000,67.2500,78.9100,80.9000,85.7100,94.2700,89.3800,82.1900,62.1300,59.4500,62.9000,57.6500,57.7700,62.2400,67.3800,65.6700,59.1900,58.8800,62.8000,65.3400,64.9800,76.5300,81.3400,61.6800,50.9500,46.6200,46.5400,42.5900,45.2600,49.2600,45.6500,44.3700,48.3000,50.4200,44.5000,36.0000,36.1400,44.2800,41.5400,34.5200,28.1900,22.3700,22.7200,21.7000,14.1500,12.5400,16.3400,18.2600,15.6900,18.4900,11.0200,9.9200,11.6500,11.4900,10.8000,10.0900,9.5400,6.5300,4.3300,3.9600,2.8400,1.4100,0.4800,0.5300,0.1000,0.1900,0.1800,0.1600,0.0800,0.1900,0.1800,0.0600,0.0800,0.1600,0.2000,0.1500,0.1700,0.1600,0.1600,0.1600,0.3000,1.7700,0.5600,0.2200,0.1900,0.1700,0.1600,0.1600
0.1700,0.1700,0.1700,0.1700,0.1800,0.2000,0.2100,0.2300,0.2300,0.2400,0.2300,0.2400,0.2500,0.2900,0.2500,0.2500,0.2500,0.2500,0.2300,0.2400,0.2400,0.2300,0.2400,0.2500,0.2200,0.1600,0.1400,0.1500,0.1700,0.2600,0.2500,0.2400,0.2700,0.2000,0.2200,0.2500,0.2500,0.2600,0.2500,0.2500,0.2600,0.2600,0.2500,0.2500,0.2400,0.2500,0.2500,0.2400,0.2400,0.2300,0.2400,0.2400,0.2600,0.2500,0.2100,0.1500,0.2500,0.2600,0.4300,1.1000,2.4500,4.4700,5.4800,5.5000,6.9400,11.2600,15.2600,21.3600,19.4900,21.1300,23.9700,23.8500,17.9500,15.9500,13.9100,14.5300,12.4000,12.3800,11.7900,9.3900,8.4700,7.8400,7.3400,7.0800,6.2100,5.9500,4.9500,2.9400,1.8100,0.8700,0.2600,0.2300,0.2000,0.1700,0.1700,0.1700
0.1700,0.1700,0.1700,0.1700,0.1800,0.1800,0.2100,0.2200,0.2200,0.2200,0.2200,0.2300,0.2500,0.2600,0.2500,0.2700,0.1200,0.3500,1.6600,3.9800,3.2800,0.7300,0.2800,0.2200,0.2300,0.2400,0.2300,0.2300,0.2400,0.2400,0.2400,0.2400,0.2400,0.2400,0.2400,0.2600,0.2500,0.2700,0.2800,0.2700,0.2500,0.0500,0.2100,0.2100,0.2400,0.2600,0.2400,0.2500,0.2500,0.2600,0.2700,0.2400,0.2400,0.2400,0.8100,3.0600,4.5000,5.3600,7.0700,7.5600,8.1500,7.9500,8.6100,10.0600,9.6200,11.0200,12.2700,15.4600,15.8800,15.1600,14.1100,14.6200,15.5300,16.9300,17.4000,16.7000,17.4600,17.2900,15.0800,13.6400,13.0400,11.3900,10.1600,8.5700,5.8200,5.2200,3.5000,1.7500,0.2800,0.2800,0.1700,0.1700,0.1700,0.1700,0.1700,0.1800
0.1800,0.1900,0.1700,0.1800,0.1800,0.1900,0.2100,0.2200,0.1900,0.3500,0.1900,0.1000,0.1100,0.3600,0.1200,0.1400,0.2100,0.1400,0.7300,1.3400,1.3100,1.9200,5.0000,10.5500,8.1700,9.9600,7.0300,4.1700,3.4700,4.0500,3.7500,3.7900,3.2500,3.1400,2.4100,2.0500,1.6200,0.9400,0.1300,0.2100,0.3100,0.2400,0.2300,0.2300,0.2200,0.2400,0.2300,0.2300,0.2300,0.2300,0.2300,0.2300,0.2200,0.2600,0.2100,0.2300,0.2100,0.1200,0.1800,0.1900,0.1200,0.0900,0.5800,0.1400,0.2000,0.1600,0.1500,0.1000,0.1400,0.1500,0.1300,0.1100,0.1700,0.1900,0.1400,0.1400,0.1300,0.1300,0.1300,0.1400,0.1600,0.1600,0.1700,0.1700,0.1800,0.1800,0.1800,0.1800,0.1800,0.1900,0.2000,0.1900,0.1800,0.1700,0.1700,0.1800
0.2000,0.2100,0.2200,0.2300,0.2200,0.2200,0.2200,0.2300,0.2200,0.2400,0.2400,0.2400,0.2000,0.1200,0.8900,1.2900,2.1700,2.1600,2.3600,4.1000,2.4500,4.2400,3.1800,2.6200,2.2800,4.0900,5.3900,7.1900,8.5900,11.8700,13.9800,10.6000,16.2100,18.8900,21.9100,21.9300,29.1700,29.8900,29.8200,28.5300,28.2600,28.3600,22.4800,21.5600,19.7200,16.7100,12.8400,12.8500,13.3000,13.9400,14.7000,15.2100,15.4600,16.8100,16.8300,16.2300,15.0700,15.0200,15.4200,15.1700,14.7800,14.3600,14.1000,14.5700,14.5500,14.3600,14.1100,13.8000,13.7900,13.7500,13.2800,13.2400,13.0300,13.1300,14.4200,14.2600,14.0300,13.7900,13.6000,13.0700,12.4500,12.5100,15.5000,17.5500,17.6900,18.1600,14.0700,14.0900,13.6800,12.7800,11.0300,12.2100,14.8900,17.0200,23.9300,21.5200
20.1200,19.9700,18.2500,16.3200,19.5500,28.0200,28.1200,27.7000,25.0600,22.6900,20.6600,16.0000,14.8700,14.5300,14.5000,14.6300,17.3300,16.5800,14.7500,13.5000,12.3600,12.5600,12.2800,12.2800,13.2100,14.5800,14.8600,14.8400,14.7300,15.1300,14.8800,14.6900,14.6600,14.7000,12.1800,13.2000,15.6000,17.2800,20.2200,25.5300,31.1900,31.5600,27.7600,24.8600,22.9300,21.2200,19.8000,19.4000,16.7400,15.5600,13.3600,11.6800,11.8500,13.2400,12.7500,11.7600,10.4200,10.2200,9.9600,11.5000,11.4000,11.9000,12.1600,12.6300,12.9200,11.9200,11.1600,11.7400,11.3700,11.6400,11.7300,11.7800,12.0100,11.8000,11.7800,12.2600,11.9500,11.8500,11.1900,13.2200,14.3500,20.4400,22.8000,18.5500,17.0900,16.6200,19.0900,21.3400,16.7000,14.1000,14.7300,13.8400,10.0500,9.0800,10.4700,12.9500
19.3800,18.8500,17.8500,14.0400,12.0900,9.0100,8.7900,10.6600,13.1000,11.5600,14.1400,14.4400,13.5100,15.9100,15.9200,19.0900,24.1900,26.6000,30.5900,29.3600,26.8800,24.8800,21.3800,20.7000,27.4700,29.5300,30.4500,32.7700,31.0800,29.6100,28.4900,27.6700,24.8300,23.5900,22.4800,20.8000,14.6600,14.0300,17.2000,19.2600,21.0000,21.6600,17.7300,15.0700,16.9100,16.5000,16.3600,14.1300,10.5600,8.0100,4.9800,2.3200,1.1900,0.3400,0.1900,0.3200,0.6100,1.0000,0.8700,0.4300,0.1900,0.1100,0.1000,0.1100,0.0700,0.0800,0.2900,0.1800,0.5900,0.9700,0.4100,0.6600,0.4600,0.6100,0.3500,0.1800,0.3600,0.4800,0.1800,0.4100,0.1600,0.2600,0.2000,0.1000,0.1600,0.1600,0.2200,0.1700,0.1700,0.1800,0.1700,0.1700,0.1700,0.2000,0.2300,0.2400
0.2300,0.2500,0.2600,0.1100,0.1200,0.2400,0.2300,0.2000,0.2800,0.2600,0.2400,0.2500,0.0800,0.2000,0.0800,0.1400,0.1000,0.1200,0.2200,0.2200,0.0900,0.1900,1.5600,2.3600,2.3400,1.4200,0.2500,0.1400,0.3300,0.2700,0.2700,0.2800,0.2900,0.2700,0.2900,0.3000,0.2200,1.3700,1.2100,0.2700,0.2900,0.2700,0.2800,0.2800,0.3000,0.2800,0.1300,0.1400,0.5300,0.8900,1.1200,2.2900,3.9700,9.7300,14.4600,19.7400,20.2200,20.9100,26.0600,28.4800,30.5900,31.9200,25.4300,16.1600,16.2600,16.2500,18.1200,19.0300,15.7000,15.4700,15.4000,18.1300,16.4000,14.6900,14.9400,14.8900,15.1900,18.5300,19.1000,20.8000,28.9900,20.8400,14.8600,10.5500,8.4700,6.1800,2.3300,0.3000,0.2400,0.2000,0.1900,0.2100,0.2400,0.2100,0.2100,0.2200
0.2300,0.2000,0.0900,0.2300,0.2700,0.2300,0.2400,0.3100,0.2800,3.7500,8.1300,13.7000,14.3200,9.0000,4.6500,2.6900,1.2900,2.8300,3.5500,4.6800,5.3800,5.3900,4.6000,5.6600,7.5500,10.1900,13.1100,9.0100,7.6400,8.4700,7.5200,6.3900,5.9500,6.7900,8.1000,6.8600,5.2000,4.7400,1.6800,0.1000,0.1600,0.3000,0.3200,0.2600,0.2700,0.2700,0.2500,0.2600,0.6200,4.2900,6.2300,6.5300,3.6000,7.5300,8.5600,6.7900,6.6200,7.0500,10.1700,19.4800,20.9200,23.2300,23.3700,25.5300,21.6400,14.2800,14.3800,14.9300,14.8300,15.7900,16.1000,17.1300,20.3100,20.4400,18.2400,16.2800,16.9700,15.5000,13.4000,8.9800,6.3300,3.1100,0.5000,0.2600,0.2400,0.1700,0.1700,0.1700,0.1700,0.1700,0.1700,0.6400,40.4800,58.5500,38.7600,34.6300
35.7400,27.4100,24.7600,28.5300,35.0600,42.1300,36.5500,41.7400,55.3500,61.4200,55.1400,49.8300,46.3100,38.9800,39.9700,47.3400,49.6900,53.5900,48.7600,46.7300,46.1200,40.4100,49.8100,58.6600,58.7700,54.0500,52.9200,50.9700,46.5600,42.1200,40.9800,41.4400,38.9500,38.4200,35.8400,39.8400,44.1700,48.7300,49.7200,53.0900,57.1200,60.2100,60.1400,58.4300,65.8500,74.7600,61.0700,53.4300,47.4000,45.3900,43.3800,36.0700,33.0500,38.7400,33.8200,34.5400,32.2000,26.8800,23.5100,22.5100,20.5600,22.4800,23.4200,29.1800,27.7300,27.0400,24.6700,24.3700,23.8400,26.1900,27.7900,28.0400,28.7000,28.8400,34.2800,36.2800,46.3100,45.3600,48.1800,52.5000,55.6300,56.1000,56.5700,56.5400,58.6400,64.3700,64.7400,62.4200,62.8600,65.1700,74.8600,83.8000,84.5100,83.4100,85.1800,87.5100
82.4300,71.0800,62.6300,60.6000,64.2400,61.5500,58.9900,60.8400,67.6200,64.1600,56.8400,55.7200,55.1200,55.7700,56.5700,56.7800,56.8500,52.6400,55.2000,63.6600,74.6100,72.8300,73.1200,76.4600,79.4100,79.3600,63.5700,51.4800,54.2200,66.0000,74.8200,74.5100,76.8400,72.2900,75.1400,74.3400,83.3400,84.2100,85.0500,85.9700,82.7100,51.5200,46.5700,68.2700,76.3900,78.4400,78.4600,74.2800,56.7000,50.6400,49.5700,42.7500,45.4100,54.2700,52.7400,52.8300,51.0400,45.0400,41.3900,34.5700,27.5100,20.8500,18.4900,23.9300,18.8200,19.4300,19.4900,19.7000,19.4500,19.0100,19.2300,18.6300,18.7700,18.5900,18.2100,18.2100,17.7500,17.6000,25.7700,45.6100,47.6900,56.3400,72.9500,79.2800,83.9500,78.0700,70.4500,56.5100,44.4100,44.0700,39.4500,54.1200,67.6000,81.8500,78.0500,75.6500
76.4400,72.4400,56.1900,41.3000,34.0600,34.2000,41.6900,48.1800,53.7400,46.9900,39.2700,37.4600,39.4600,48.8500,49.1400,59.2300,70.1300,64.4400,60.9800,47.5100,36.8200,43.8000,50.0700,61.3900,77.5500,85.0600,85.9100,85.1800,78.3000,73.7100,54.7500,39.1200,36.2300,43.2300,50.5200,43.8600,22.3400,20.4900,23.9300,16.8400,17.2500,19.3400,16.8800,18.6200,32.5400,33.6800,36.4000,40.8200,35.0200,29.6000,26.1700,30.1400,40.4000,35.9800,26.6800,26.7300,26.6100,23.4400,23.1200,22.3300,18.6500,18.1900,18.2900,18.1300,18.4200,18.1800,18.0400,19.3600,19.7400,19.8300,19.9800,21.2900,22.6100,20.9400,16.6200,20.8700,32.6300,47.1500,46.8000,53.2200,53.6100,44.1700,40.8800,38.9100,34.5500,29.5600,28.9100,31.0100,27.3100,29.1600,28.2600,28.7500,26.0200,34.6300,39.9800,41.6400
40.5600,43.8000,40.0300,31.8800,32.5500,27.8100,26.3900,25.7900,26.3000,30.6900,28.1800,26.0500,21.6300,20.6900,17.9700,14.2300,11.4300,9.8700,10.8600,11.1800,10.9900,10.4500,10.7000,14.3100,19.5100,24.5900,29.1200,31.5800,33.3600,32.4100,32.0800,25.1900,25.0800,22.9100,21.0800,19.1100,15.8700,13.3000,11.8100,9.4100,9.9100,10.4200,8.9900,8.5200,10.0400,8.7900,5.4400,2.5300,0.8500,0.5900,0.2400,0.2100,0.2600,0.2500,0.2500,0.2600,0.1800,0.8700,2.4600,2.9200,1.6700,0.4000,0.1300,0.2300,0.2200,0.1400,0.2400,0.1900,0.1700,0.2200,0.9800,2.3700,2.7700,2.1800,0.8000,0.1300,0.1800,0.2100,0.1600,0.0800,0.2500,0.7800,0.9800,1.4400,1.6600,1.4700,1.3200,1.4700,1.0900,1.5900,1.4400,1.6900,1.9200,1.7700,1.3200,3.6800
5.3700,4.9500,3.6900,2.0400,0.7100,0.1800,0.2900,0.3400,0.3000,0.2600,0.2500,0.2500,0.2600,0.2200,0.2400,0.2700,0.2500,0.2700,0.2600,0.2600,0.2800,0.2000,0.4200,0.7300,0.2200,0.1200,0.3500,1.1500,0.1900,0.1900,0.1700,0.2900,0.1300,0.0900,0.1400,0.2500,0.2800,0.2700,0.2700,0.2700,0.2600,0.2700,0.2600,0.2700,0.2800,0.2800,0.2900,0.2600,0.2400,0.1200,1.1000,0.5700,1.4600,2.0400,1.8200,1.4700,4.1300,11.1800,11.4800,14.4100,17.5300,17.4700,19.6200,16.8900,17.1900,17.2300,17.6400,17.7800,17.9300,17.3100,16.2600,13.9100,11.8000,11.1900,9.9200,9.2200,7.5800,4.8300,4.4800,3.3500,2.1600,0.6900,0.1600,0.2100,0.1800,0.2500,0.1900,0.1800,0.1700,0.1900,0.1900,0.2200,0.2300,0.2300,0.2400,0.2300
0.2300,0.2600,0.2600,0.2600,0.2200,3.0900,10.3900,12.4700,12.6100,13.0100,13.3700,12.5900,11.4900,10.5700,11.4900,11.9200,11.5300,11.0700,9.9900,8.5400,7.1800,5.3800,4.2800,4.6900,4.4400,4.0100,4.3800,5.1100,4.6200,4.6600,6.3200,6.2900,6.2000,7.4800,10.3800,10.6700,15.9000,15.0900,12.1500,11.1400,11.0400,8.8700,8.9300,8.4500,8.2600,12.4300,16.7100,19.4400,17.6000,15.4700,12.1600,10.2700,9.3300,11.6800,15.9100,16.0000,12.6900,9.4900,4.7000,3.4400,3.9800,6.0300,8.8100,11.1500,11.8200,17.4100,16.6200,16.5500,17.9000,18.9700,20.8200,37.3500,25.6000,33.0600,34.0000,27.1500,34.7200,36.1300,47.0300,35.9400,30.5000,26.0000,25.0100,18.8600,23.1900,28.5900,29.5800,26.2200,19.1700,14.9200,17.0600,16.5300,14.5800,15.3400,18.0400,21.1200
17.7700,16.8700,20.7700,16.5600,10.6600,9.7700,9.6700,10.0100,10.9500,8.2800,9.1200,10.7100,12.1300,15.8000,18.9400,21.9200,21.7200,21.4900,22.6200,20.8100,24.5500,37.8700,48.6800,39.6600,32.1400,23.3600,19.5600,16.5300,14.0600,14.7500,18.2800,22.5400,25.3500,30.9600,38.0000,30.8300,24.3900,15.1700,8.1200,5.2900,1.5800,2.8700,10.5600,20.0600,26.6900,32.2500,36.9000,33.2100,25.3700,18.7100,24.8000,32.5800,36.1100,39.5200,43.0500,58.1200,58.9900,48.9800,42.3000,40.4500,35.9800,32.8000,28.5600,25.2300,23.0500,21.7700,16.0700,13.7300,13.9000,13.9900,13.9700,13.7600,13.4900,14.3000,17.4800,23.4600,31.8100,44.6100,63.2400,80.2200,81.1300,80.6300,81.5200,81.1800,78.0400,76.6100,71.6500,60.9700,59.6600,56.5500,56.6300,50.4900,47.0100,44.1700,43.4900,41.5300
41.4800,43.3100,43.5200,45.7200,46.7500,50.3500,52.3500,52.4300,51.5700,51.2400,63.1800,70.2200,62.1900,50.8200,40.9800,38.7000,29.4200,23.0900,22.7500,22.4000,22.4100,22.4800,24.0900,26.2900,28.2200,27.6900,25.1100,27.2800,30.0800,31.0100,30.3000,32.0400,32.6800,31.0300,32.5500,32.8600,33.1900,35.1800,38.6000,44.3900,48.4500,53.0000,62.2100,63.9100,63.6000,63.8500,65.4200,64.4600,51.0800,46.3300,42.0100,37.0100,31.3700,29.2700,26.1200,20.7400,19.9500,18.5500,16.8100,17.1400,14.5900,11.7600,11.5800,12.0600,10.7700,10.7000,10.7200,10.8300,11.0500,10.9500,11.1500,11.3800,11.2400,11.4500,11.3100,10.9000,11.0500,10.8100,12.7900,18.0900,22.8000,48.8200,65.8200,69.5400,64.2100,43.0300,48.2100,59.7700,71.3400,81.6900,89.2100,80.4000,52.4900,55.6100,74.9600,76.5600
67.0600,74.6800,79.3300,84.3800,87.9300,90.1100,84.7900,81.6800,73.1500,63.3700,69.3000,71.3600,75.2800,68.4300,45.3000,40.8700,43.2400,30.9000,33.1000,38.8500,38.3800,36.1200,39.4000,48.2200,53.0700,46.6300,44.6900,44.7000,37.5200,44.9700,63.1200,78.5900,83.7600,87.3000,85.5200,87.9100,88.8400,89.8400,88.0700,88.7200,88.9700,88.3600,88.3500,85.9900,78.4700,63.9800,57.2900,55.4000,46.4000,40.2300,32.9100,30.2500,31.2800,28.4600,22.6900,21.4000,22.0700,22.0200,22.6500,22.5100,22.0900,22.3300,22.4000,22.1700,21.1500,22.2800,22.5100,22.5400,22.5200,22.7800,22.8100,23.1700,23.2100,22.9900,23.8600,34.9900,42.1700,50.5700,55.0500,50.9200,36.3900,23.5500,16.1300,10.3400,6.1400,3.8900,1.5400,1.7700,0.9600,0.1700,0.2500,0.4500,0.3400,0.5500,1.1000,2.2700
5.0200,4.3000,5.6700,6.0100,5.6400,4.1500,4.0800,4.9100,3.1600,0.9600,0.1200,0.1800,0.8700,0.7700,0.4600,0.1600,0.2100,0.2400,0.2000,0.1700,0.2500,0.2400,0.2500,0.2500,0.2500,0.1900,0.2500,0.2500,0.2500,0.2600,0.2700,0.2900,0.2600,0.2600,0.2600,0.2700,0.2700,0.2800,0.2700,0.2700,0.2900,0.2900,0.2900,0.2800,0.2900,0.2800,0.2900,0.2800,0.2800,0.2700,0.2700,0.2700,0.2700,0.2600,0.2500,0.2600,0.1900,0.4900,1.3100,2.3100,3.1500,3.7800,4.0200,4.2400,5.9400,7.2200,7.4300,6.9800,5.9700,5.5100,5.4700,4.6300,4.9300,3.7600,3.7100,3.9000,3.9600,4.0600,4.1100,3.9000,2.8600,2.3300,1.1700,0.9100,0.4700,0.5900,0.9000,0.2100,0.7300,0.7300,1.2300,2.9100,0.4900,0.2700,0.2700,0.2400
0.2300,0.2200,0.2300,0.2300,0.2300,0.2300,0.2400,0.2400,0.2500,0.2200,0.2400,0.2400,0.2800,0.2600,0.2500,0.2600,0.2300,0.2700,0.2500,0.2500,0.2600,0.2600,0.2700,0.2300,0.3100,0.2900,0.2400,1.9600,3.9700,4.3700,5.7900,8.5900,8.9700,8.1300,6.5100,4.2200,2.7300,2.3100,1.4200,0.6100,0.1100,0.2500,0.2800,0.2700,0.2600,0.2600,0.2800,0.2300,0.1800,0.2500,0.9200,0.4200,0.9500,1.8400,1.3500,3.1500,4.9800,8.6600,13.6000,14.8900,15.0700,17.0300,17.1700,17.5700,17.0700,20.7000,19.1600,14.5600,17.3100,18.2300,17.3900,17.4300,13.6200,9.2600,10.4700,10.1400,7.2100,4.8100,1.9000,2.5900,1.1900,1.2800,0.7900,0.1200,0.3800,0.2500,0.2500,0.2100,0.1700,0.1700,0.1700,0.1900,0.2100,0.2200,0.2300,0.2400
0.2700,0.2600,0.2600,0.2400,0.2400,0.2400,0.2400,0.2600,0.2500,0.2500,0.2700,0.2600,0.2600,0.2300,0.2700,0.2000,0.5000,0.3500,0.5100,1.5500,1.5000,0.7100,1.4400,2.9300,3.2400,1.5600,1.5400,1.9900,3.5900,2.3700,1.3500,0.1500,0.2900,0.2100,0.4500,0.2000,0.2100,0.2700,0.2100,0.1700,0.2700,0.2800,0.2600,0.2800,0.2900,0.2800,0.2800,0.2700,0.2700,0.2600,0.2500,0.2200,0.2900,0.2000,0.1100,0.6800,4.1200,10.2800,11.3100,10.1600,9.2400,15.4000,32.0100,36.7000,36.1700,37.8000,38.2600,36.2100,35.4500,34.5700,34.5300,34.5100,34.3000,35.5300,29.4500,21.1600,15.8700,12.1200,8.3600,7.4000,4.7200,2.6300,0.3200,0.3000,0.2400,0.5200,1.4400,0.3800,0.5000,2.7700,14.0000,36.7900,44.3300,38.9700,56.6000,64.9200
70.3400,85.9200,91.3900,88.4800,79.9500,77.1600,84.6100,87.2900,87.6800,78.9800,65.9900,56.9000,55.7300,56.9900,57.8600,58.1500,56.6700,53.4400,51.9400,48.3100,45.8600,44.8700,44.3300,42.7200,41.3200,40.8400,37.2700,32.1000,30.2500,29.3300,28.2100,27.1300,26.9500,28.9000,34.3700,44.5300,52.4100,54.9200,48.8800,55.3400,54.5100,39.0100,42.9900,45.8900,44.4400,30.0000,27.5000,19.5800,21.9100,28.4300,24.7800,19.1700,16.5400,18.2000,18.8100,16.3500,14.9600,10.6500,9.7300,11.3400,12.5100,12.7900,15.2100,19.6100,21.4300,21.2100,20.5300,19.4800,15.8400,11.7300,10.1600,9.1900,6.8100,6.5000,6.2300,5.7800,5.0200,4.8700,3.6500,3.5600,3.4800,4.2300,3.3900,1.4900,0.6200,0.1800,0.1900,0.1500,0.0600,0.1600,0.5500,2.2400,3.8400,7.8700,13.8700,12.8000
12.7000,14.1800,13.7700,11.1900,7.2000,6.9900,8.4800,12.2800,17.3400,20.1100,30.3800,38.3000,43.5400,39.1200,32.2400,31.9400,28.1800,25.3700,25.3900,23.6400,21.3500,17.7600,15.9900,19.7900,23.1900,21.5600,23.8400,31.0100,30.9500,31.1100,26.2400,25.1700,24.0200,23.4400,23.0500,21.0300,16.3500,15.7800,19.1100,17.4400,16.4300,16.6100,15.4200,16.9700,20.3900,23.0500,23.3700,25.2500,21.3800,15.4400,15.4800,12.9800,4.7200,2.1900,0.2700,0.1800,0.1300,0.2400,0.2000,0.1700,0.2000,0.2000,0.2100,0.1200,0.1700,0.1100,0.1400,0.4300,0.1400,1.4300,1.7100,1.2000,0.8300,1.0700,2.9800,4.4500,4.0500,5.0300,6.1600,7.0200,7.7500,7.8100,8.6900,10.8000,11.7500,9.6800,8.5600,7.5700,6.9500,7.1400,9.2200,7.3100,5.0900,2.7400,0.8600,0.1400
0.1600,0.1700,0.2900,0.2000,0.2600,0.2300,0.2200,0.2300,0.2400,0.2300,0.2300,0.2400,0.2300,0.2700,0.2700,0.2500,0.2600,0.2000,0.2800,0.3000,0.2600,0.2100,0.2800,0.3100,0.2700,0.2600,0.2700,0.2600,0.2700,0.2800,0.2800,0.2900,0.2800,0.2000,0.2700,0.2800,0.2500,0.2900,0.4800,1.5200,2.1500,1.7300,1.1200,1.5000,1.2100,1.2900,3.7500,6.4900,6.9000,3.7900,2.1300,0.3400,1.3300,2.1100,4.1900,4.6900,5.2500,6.7700,7.2100,10.0800,17.1900,22.3300,24.4300,31.1900,36.4900,37.0400,35.3800,37.9400,37.3000,37.1400,35.9800,39.3600,38.7200,34.5600,32.2600,30.3200,24.9700,20.0300,20.7400,18.1700,18.7400,18.7300,17.2600,16.2200,13.3900,11.7900,5.4500,4.8200,4.5200,3.0000,6.0200,5.3900,3.4500,3.5000,2.2900,2.9800
0.3100,0.2500,0.2600,0.2700,0.1500,0.0900,0.2200,0.1100,0.2500,0.1700,0.0700,0.1300,0.2500,0.2100,0.9800,1.6000,1.6900,0.2900,0.4100,0.2800,0.6600,1.5500,0.5500,0.5700,1.1400,1.4000,0.1500,0.2000,0.2700,0.3000,0.3000,0.3000,0.2700,0.2800,0.2700,0.2800,0.2900,0.2800,0.3000,0.2900,0.2800,0.1900,0.1600,0.2400,0.0600,0.1700,0.1900,0.3000,0.3000,0.1400,0.1400,0.5200,1.1400,0.5400,0.1100,0.1400,0.1900,0.9100,3.8500,7.4300,12.7500,25.2200,41.6900,55.7600,44.3100,34.1200,30.0700,26.2800,25.9900,25.5000,27.7600,31.1100,38.2100,39.9700,54.4400,50.7300,45.5300,33.6200,22.6800,24.2700,25.4400,16.5100,13.8900,16.4300,18.8900,27.1900,21.7000,23.0100,34.6500,41.5300,27.3300,17.5400,17.5800,19.8400,25.1100,22.0700
17.5000,16.5300,16.2800,16.5100,19.6700,24.9300,33.0800,34.2500,31.4800,31.4400,31.9500,36.2900,35.6600,36.3400,36.8400,36.3700,34.9800,29.8700,22.1200,16.2500,14.1900,17.6000,17.7200,16.8000,14.5000,15.4800,13.1300,12.7000,13.0000,13.7800,15.9400,17.8300,22.5700,19.9400,19.0200,17.3500,19.1600,23.3400,23.4200,18.1900,22.6400,17.4200,13.5700,15.5000,23.9800,20.9600,17.3700,14.5100,10.0800,8.8800,7.7300,5.3500,1.1500,0.2100,0.3100,0.2600,0.2400,0.2200,0.2700,0.2200,0.2100,0.2100,0.2000,0.2000,0.2000,0.1900,0.1500,0.1800,0.1800,0.5100,1.3800,2.5700,3.3700,3.3500,2.8500,2.8400,3.5900,4.7600,6.6700,8.9900,6.2500,5.3200,7.1000,8.3200,9.2000,11.4200,6.4100,4.8500,3.9800,1.9000,0.3300,0.1200,0.3100,0.1900,0.1300,0.2700
0.3100,0.2600,0.4500,1.7500,5.8800,22.3400,19.3200,4.7700,0.8400,0.3000,0.2300,0.2400,0.2400,0.2400,0.2800,0.2800,0.2500,0.2600,0.2300,0.5400,0.3100,1.4700,4.8900,6.3400,5.0400,2.8400,1.0000,0.4600,0.2800,0.2800,0.2700,0.2500,0.2700,0.2800,0.2900,0.2800,0.2600,0.3000,0.2800,0.5600,1.2600,2.6400,2.3100,2.0500,2.5800,2.9100,2.1600,4.2500,5.9600,5.4700,6.6100,6.5500,5.4400,4.5200,8.0500,12.0400,14.4200,14.9600,13.1800,11.2600,15.2100,16.4800,17.7300,25.0800,32.4800,34.4500,30.2100,30.9000,31.2200,40.1100,44.9300,51.4200,60.1600,62.0000,72.8900,79.3900,84.1300,83.1700,80.9400,81.6600,83.2400,81.8800,85.6700,85.9400,86.2100,80.1800,85.2700,83.9500,85.2200,85.6000,85.3500,85.5800,85.4300,80.4700,78.4600,73.1900
72.9200,71.0400,68.6100,65.2100,62.7200,78.2900,85.7300,84.7400,84.3100,83.7600,76.7900,66.4500,58.3000,57.5500,56.7600,64.8100,63.2100,64.2500,64.2600,64.4900,66.1100,67.1500,67.9000,68.9600,69.2400,70.3900,78.0300,83.2700,83.8300,83.7600,84.1100,84.1300,83.9100,84.0000,84.6900,83.1900,83.8500,85.4000,84.6900,85.3300,82.8400,77.4700,72.7200,55.7300,46.1900,40.2100,37.8800,36.9200,37.3500,36.8700,46.0900,57.6500,67.2900,65.7400,72.9000,66.6900,60.8900,63.5800,61.7900,66.3200,59.9500,44.0000,42.9700,48.6000,48.3200,48.7400,60.7300,62.2800,69.7300,72.5400,64.3900,55.2000,53.5900,57.3500,61.0500,55.9100,48.0500,53.0500,68.1100,71.7000,79.9100,85.8800,80.9400,85.8300,85.1100,85.5800,85.5800,85.6500,85.5600,85.2900,85.3500,85.1800,85.4100,91.1700,91.9500,78.5200
61.2100,48.6600,56.0700,71.1700,71.4300,65.2100,65.4500,70.3400,63.2300,60.5200,60.5200,69.5400,70.3400,74.6700,78.6200,85.6300,86.1200,84.4700,83.3400,84.0200,75.6800,73.7900,80.0200,76.4500,57.7000,55.7300,60.4800,73.2800,73.0100,72.6200,72.3200,57.2200,42.0200,32.9400,25.3800,24.8900,25.2000,25.9400,32.7600,37.4300,48.0500,50.2200,49.6600,51.3800,58.2600,59.2900,57.7900,54.4600,50.5000,52.0400,50.5100,51.6900,60.5500,64.8900,58.4400,48.0800,52.3000,64.0100,67.6700,57.5800,61.9300,66.3200,57.7900,59.7100,66.4700,65.1600,54.7500,52.0800,50.8500,47.1300,44.4600,45.0400,47.5200,43.8200,49.4300,54.6200,52.4100,53.5500,53.7800,50.8200,52.9700,54.3000,49.0900,58.8400,65.0200,69.3300,59.4300,49.8200,46.1200,50.7900,60.4400,61.4700,72.4600,80.0400,75.4800,62.4200
48.7700,48.6700,56.3300,60.1100,65.5700,70.9500,71.6100,71.4700,70.3600,76.5100,71.7200,63.0900,56.1600,52.3600,46.0900,40.5700,34.5500,32.2400,41.0800,49.0300,46.3700,46.5900,49.2100,56.2500,59.8300,49.7200,46.1300,40.6000,46.8500,49.9100,50.3200,52.5500,55.1000,55.3600,49.0600,44.5300,50.0700,52.5400,50.4600,48.7800,55.4800,40.3500,24.8200,24.4200,34.3500,30.3200,29.7800,24.9100,22.4400,27.2400,32.1900,33.0200,23.6300,12.6700,7.4800,4.3200,1.2300,0.2800,0.6600,1.1600,1.5100,2.2700,3.2100,3.8500,4.0100,2.8000,2.9400,8.9800,12.6200,8.9400,11.2400,11.3500,11.3900,14.6700,18.6000,24.3900,25.4400,23.6000,25.7300,21.0000,19.9100,16.7300,15.2200,16.0000,12.9400,12.7800,16.0400,13.8800,17.2200,16.9800,16.8100,17.7400,16.3600,16.0800,18.7600,27.3400
37.8300,33.7100,27.3400,31.7000,32.4600,37.1900,39.7500,37.5600,32.6600,32.7000,31.5000,34.0800,35.4700,31.5600,29.2000,26.2600,23.9700,22.0200,16.8000,17.0400,17.4600,17.2700,19.8200,20.7200,25.8100,37.4000,52.4500,53.0000,53.1000,52.8800,53.4400,45.5600,39.5700,36.6900,39.1800,39.2100,35.1100,34.9700,34.6700,33.0700,33.3000,30.3400,29.5200,32.7200,29.9800,32.6800,31.9800,39.2100,45.0800,46.8000,43.9200,41.6000,46.5000,59.6200,73.5500,74.9300,73.3100,69.5600,67.3800,66.9400,64.0000,57.8500,54.5100,49.5700,45.8400,43.3900,42.2700,49.7400,49.8200,48.7100,47.9400,52.7700,58.2600,77.7400,80.7400,83.7200,82.5700,82.3100,84.5300,88.2400,89.8300,87.2700,78.5900,78.4900,76.3700,73.9400,76.8500,77.4500,77.2500,75.3200,71.8500,76.9300,78.8400,78.6900,78.2800,77.5200
76.8100,77.8000,76.3900,74.6200,74.4100,74.7200,74.9500,74.4200,71.1500,62.5200,56.0000,52.3600,60.9700,70.7800,70.8600,70.6100,71.7900,74.1600,74.1200,73.0300,72.2900,73.3000,72.1400,68.4100,64.2200,64.0800,64.0100,63.1100,61.6500,61.5600,61.9600,64.0700,65.1300,64.6600,64.5000,64.4800,64.1100,64.4400,64.9500,65.8500,66.4700,68.2200,69.0400,68.6100,68.0700,67.5100,67.5600,67.4400,67.9700,71.6500,73.6100,73.7100,74.3500,72.8600,72.7200,74.4500,73.9500,71.6700,70.2500,69.1800,67.4700,67.3300,70.9200,70.7100,70.8900,75.4300,74.8900,74.7900,76.0900,77.9600,79.5400,77.7100,74.7800,75.0300,74.5300,67.2600,67.1500,62.8300,55.2200,52.1300,58.6600,51.3300,44.2400,50.5600,49.7300,49.1500,53.8600,46.8700,45.8800,46.6600,43.2600,42.6300,42.4800,37.6700,35.5100,31.9500
33.3300,31.7500,33.6200,36.7300,34.0700,30.2000,33.7700,33.7700,27.8500,24.7700,24.6000,23.2900,22.0900,18.5300,18.3600,16.6200,17.2300,19.5400,22.7400,23.8500,21.8900,20.2300,22.3300,25.7100,28.2200,30.6200,24.2800,19.3100,19.8500,20.0800,21.8700,26.0000,26.0700,29.4000,30.1000,27.4100,24.8800,22.9500,20.2600,22.6500,22.4000,22.8000,21.6000,24.3400,24.4400,23.2800,20.4200,19.2700,22.4400,21.2800,18.0100,11.4700,9.8600,13.3100,11.9500,10.9600,5.7900,1.2300,0.1500,0.3200,0.3100,0.3000,0.2900,0.3000,0.3100,0.2900,0.2600,0.2100,0.1900,0.1700,0.1900,0.1900,0.1900,0.1400,0.2200,0.4700,2.2700,6.3400,11.4300,11.8100,10.4800,9.3000,7.6500,6.8200,6.2500,5.0400,3.5700,2.7400,2.9600,2.3800,2.0700,1.0200,0.8000,0.8600,0.4600,0.8000
1.3800,1.7700,0.7800,0.2400,0.1100,0.1500,0.1700,0.3300,0.3300,0.3000,0.3000,0.3000,0.3000,0.3000,0.3000,0.3000,0.3000,0.2800,0.0900,0.2400,0.3100,0.3000,0.3000,0.3200,0.2900,1.0500,1.4800,1.6600,3.4400,9.1000,8.7200,2.4400,0.3400,0.5000,0.1300,1.1600,2.1400,3.7200,4.3900,5.6400,4.8800,1.9100,2.0500,0.2200,0.2700,0.1500,0.1100,1.0800,1.2000,0.8200,0.5200,0.4500,0.7100,0.7800,2.9600,5.7000,7.7100,13.6800,13.0500,14.3500,17.3900,20.8800,25.5600,30.0700,37.1200,39.4400,42.1600,46.9400,53.3000,54.3300,53.9900,55.5100,53.0600,54.2600,51.4000,48.7600,42.9100,41.1700,43.7500,38.8900,30.9600,23.9800,18.7500,16.1200,16.9400,14.5300,11.3000,7.9900,6.4500,5.4600,4.8000,6.6800,6.5300,8.0600,9.2500,8.9100
11.0800,20.2000,22.3900,17.3100,14.3100,12.9200,15.1500,11.5700,10.8300,14.6500,18.0800,23.9600,32.8500,23.4700,11.0100,7.2100,4.7900,2.9300,4.2900,3.4500,3.6000,1.7900,0.3700,1.1100,0.3600,0.3100,0.3000,0.3000,0.3000,0.5000,2.9700,3.1300,3.1200,1.3900,0.3400,0.3100,0.3000,0.3000,0.2100,0.2500,0.2500,0.2800,0.3200,0.3400,0.3300,0.3100,0.3200,0.3000,0.3000,0.3100,0.3100,0.2600,0.3300,0.3000,0.3000,0.3000,0.3000,0.3000,0.3000,0.3000,0.3000,0.3000,0.3200,0.2300,0.2500,3.8000,10.0400,15.1400,21.2600,19.8400,26.0700,33.0800,34.3800,38.5600,33.2000,34.7400,35.2400,29.3500,19.2800,15.8300,14.0200,11.7600,8.8300,8.2600,7.4500,5.0100,2.2700,1.1900,0.5700,0.5800,0.1500,0.1600,0.2400,0.1900,0.2900,0.2000
0.3000,0.3000,0.3000,0.3000,0.3400,0.3100,0.3000,0.3000,0.3000,0.3000,0.3000,0.3000,0.2500,0.4800,2.3500,2.9600,2.4800,3.3400,4.9400,4.0100,2.5100,3.3700,4.4800,8.0800,8.4300,6.3100,9.8200,12.5700,12.1100,9.5500,8.0600,6.8800,7.4100,6.3800,4.1900,1.3300,1.3500,1.8300,0.4400,0.3000,0.1400,0.1700,1.6500,1.4800,1.4500,2.2600,0.2500,0.3200,0.2300,0.2000,0.3100,0.3000,0.3100,0.3000,0.3000,0.3000,0.3100,0.3200,0.3000,0.3000,0.3000,0.3100,0.3000,0.2800,0.1700,0.1500,0.4400,0.5000,0.6000,0.2100,0.6300,0.5800,0.2200,0.2900,0.2300,0.1100,0.2100,0.3200,0.3000,0.2700,0.2900,1.5800,0.8100,0.1900,0.2500,0.2800,0.3000,0.3000,0.3000,0.3000,0.3000,0.3000,0.3000,0.3000,0.3000,0.2800
0.7600,0.1500,0.1700,0.1200,0.1600,0.2400,1.5100,4.0500,1.7700,0.1100,0.1700,0.3300,0.3100,0.2200,0.1100,0.2300,0.3100,0.3000,0.3200,0.3000,0.3000,0.3000,0.3100,0.3100,0.3100,0.2600,0.3100,0.2200,0.3600,0.5800,1.5000,1.9200,1.2500,0.3000,1.3800,1.5000,0.7300,0.2500,0.3600,0.3400,0.3200,0.1400,0.2400,0.1800,0.1700,0.9000,1.0400,0.7700,0.1700,0.3200,0.3300,0.2400,0.3300,0.3000,0.3000,0.3000,0.3000,0.3000,0.3000,0.3000,0.3000,0.3100,0.3200,0.3200,0.3300,0.3100,0.3100,0.3000,0.3000,0.3000,0.3000,0.3000,0.3000,0.3000,0.2500,0.6300,1.5000,0.8700,0.3000,0.1600,0.2500,0.1500,0.1100,0.3100,0.3000,0.3000,0.3000,0.3000,0.3000,0.3100,0.3000,0.3000,0.3000,0.3100,0.3000,0.3000
0.3000,0.3000,0.3000,0.3000,0.3100,0.3300,0.2900,0.3100,0.3000,0.3100,0.3200,0.3000,0.3100,0.3200,0.2200,0.1700,0.2500,0.3000,0.2500,0.1700,0.1000,0.3300,0.3400,0.3200,0.3100,0.3000,0.3000,0.2700,0.2100,0.2100,0.2900,0.2800,0.3200,0.3300,0.3300,0.3100,0.3000,0.3100,0.3200,0.3200,0.3300,0.3100,0.1300,0.2800,0.1400,0.3300,0.1700,0.2900,0.2400,0.3900,0.3000,0.1200,0.2600,0.6400,0.9400,2.8600,3.8700,5.8000,9.8400,10.7100,10.1400,7.7100,11.6300,14.3600,13.7000,14.7700,17.7500,17.8800,18.9000,17.6800,17.7900,25.2000,27.7700,24.5700,22.7900,20.4000,17.4200,15.6500,14.1500,14.0100,14.0000,13.5500,12.6500,11.1400,8.1500,4.9300,2.1500,0.2700,0.2900,0.3300,0.3000,0.3000,0.3800,0.6800,1.0600,1.6000
0.7200,0.2400,0.2000,0.3000,0.3000,0.3000,0.4400,0.7500,2.6500,3.0600,3.3400,3.3500,3.1200,3.8500,6.5300,10.8100,13.9300,25.9900,18.5600,12.4600,10.0100,6.4700,4.8900,7.1100,3.3400,0.2900,0.2300,0.1900,0.2200,0.3100,0.1400,0.2400,3.3800,6.1100,8.6600,8.3900,3.0900,1.6300,0.9200,0.2500,0.3500,0.3100,0.3200,1.4800,1.9000,0.1100,5.0400,3.2000,3.5000,0.3400,0.3100,0.3000,0.3300,0.3100,0.2900,0.3300,0.3200,0.3200,0.3100,0.2900,1.6400,0.2700,0.2400,0.2000,1.6400,8.2900,18.8300,34.0100,54.2400,56.0300,54.3900,50.0200,34.2700,27.4700,25.7200,24.5400,17.7700,17.3000,19.9900,16.3800,15.9300,15.7100,15.1500,11.8500,7.9400,8.2400,7.0900,5.5200,6.6000,7.0300,6.9300,5.1100,3.9100,4.7100,2.4000,1.0700
0.4400,0.2000,0.5400,0.6800,0.5900,0.1900,0.3000,0.3200,0.3000,0.2900,0.2200,0.9200,1.7500,3.3700,3.9800,3.9700,2.2600,1.5100,3.5700,3.7800,2.2300,2.3100,0.7000,0.6200,0.2500,0.2800,0.3000,0.1200,0.2300,0.3300,0.1300,0.2000,0.3200,0.3000,0.3000,0.3000,0.3200,0.2400,0.1500,0.1400,0.0500,0.1500,0.3300,0.3000,0.3000,0.3000,0.3000,0.3000,0.3000,0.3000,0.3000,0.3000,0.3000,0.2100,0.2300,0.1600,0.3400,1.2100,1.1200,1.4700,1.3900,2.0600,3.3400,4.0100,4.0200,4.0100,5.0400,5.0500,5.5200,5.9800,5.0600,5.0000,5.3700,6.0800,6.3000,6.1600,6.1900,5.4200,6.3000,6.2200,5.7300,5.1800,4.7300,3.8400,1.6700,0.6400,0.1900,0.1800,0.2200,0.2400,0.3000,0.3000,0.3000,0.3000,0.3000,0.3000
0.3000,0.3000,0.3000,0.3000,0.3000,0.3000,0.3000,0.3000,0.3100,0.3000,0.3100,0.3400,0.3200,0.3000,0.3000,0.3000,0.3000,0.3000,0.3000,1.2000,9.6900,11.8400,12.9600,14.2600,11.0300,10.2900,9.5800,8.3400,8.0000,8.2600,5.2200,3.6000,1.8000,2.1400,2.4600,2.9800,7.3300,2.4700,2.0200,4.5300,9.2800,10.3200,12.7600,8.9700,2.4400,0.5400,0.1900,0.0700,1.5600,1.8300,1.4000,0.3900,0.2100,0.2300,0.2800,0.2600,0.3300,0.3000,0.2900,0.3000,0.2800,0.2700,0.2000,0.1800,0.5700,0.5600,0.3600,0.1500,0.3500,1.7000,2.2600,2.3400,1.9600,1.5600,0.2300,0.1300,0.1300,0.2700,0.2800,0.2900,0.1700,0.2300,0.3200,0.1000,0.3100,0.3100,0.3000,0.2900,0.2900,0.3000,0.3100,0.3100,4.6800,6.5000,5.2300,7.3800
15.5600,21.3800,17.5000,8.8400,7.9100,6.6500,7.1300,5.9600,3.8900,4.6200,6.5200,5.8800,6.0400,5.0100,4.8100,4.8300,4.8100,4.0700,2.1800,1.1100,0.2400,0.2300,0.5800,1.6100,3.0600,5.2700,6.2500,4.8200,3.9600,1.5100,1.2100,1.1900,0.9100,4.3100,10.2600,8.1400,6.6200,4.7400,3.1500,5.0000,7.8200,9.4200,8.0200,7.2400,6.2000,8.9100,11.8400,11.4200,9.5900,8.2900,10.7700,15.7400,14.7900,11.6600,11.8100,8.8000,11.0800,10.0200,8.5300,6.1200,4.1300,3.8400,3.3700,3.0400,4.9100,2.4900,3.0200,9.0200,16.7100,13.7700,13.6400,9.0600,9.0800,11.6400,9.1200,11.8900,16.6600,17.0200,19.7200,20.3500,22.1300,32.9600,38.9100,35.9400,40.6500,41.0100,38.2200,38.1600,42.7900,40.6300,35.1900,33.4400,29.3700,22.6000,24.8400,25.5700
17.6100,13.2600,11.2300,10.8500,10.6300,9.2600,9.1500,10.0800,10.0400,16.7100,22.4100,19.4900,15.2700,9.8200,11.2100,12.3800,12.3800,10.3700,12.2500,15.2600,22.3300,21.2300,21.1300,21.9100,20.8800,19.9100,15.9300,14.7400,15.0100,16.0000,15.9800,13.9200,11.6200,11.7900,14.5600,13.6800,13.4300,11.3100,10.3200,10.2700,12.0500,12.5000,15.0400,17.0900,20.4700,23.6900,23.3100,25.3300,23.2500,22.7900,21.7500,20.9600,16.8100,13.4100,11.8300,8.4800,5.9800,2.9500,1.6600,0.6400,0.2200,0.2100,0.2700,0.2900,0.1400,0.2100,1.0900,2.1800,2.9700,3.8500,2.9300,2.1300,1.6100,1.1100,0.9600,0.4900,0.3200,0.2200,0.3300,0.2900,0.3100,0.3000,0.3000,0.3100,0.4600,2.2300,1.7300,1.4500,5.7100,10.0700,9.7200,9.0000,7.9300,7.3300,10.9400,10.1000
10.3800,11.7900,14.9400,14.8000,13.1400,10.1700,9.5300,7.7600,5.5500,5.9300,4.5100,6.4300,6.9400,3.6100,3.6500,1.8200,1.5500,1.7800,0.8100,0.2500,0.2000,0.2400,0.0900,0.7000,2.1300,1.0300,0.7700,1.7400,2.9600,2.9600,3.1100,2.5300,1.4200,1.4100,0.1500,0.2100,0.3400,0.3000,0.2800,0.2200,0.2000,0.2600,0.3600,0.3100,0.3000,0.2300,0.0900,0.0800,0.1000,0.2800,0.2400,0.1500,0.3800,0.4700,0.3200,0.1900,0.1400,0.3200,0.2600,0.3000,0.3100,0.3000,0.3000,0.3000,0.3000,0.3000,0.3000,0.3000,0.3000,0.3000,0.3000,0.2900,0.3000,0.2900,0.3000,0.3000,0.3000,0.3000,0.3000,0.3000,0.3000,0.3000,0.3000,0.3000,0.3000,0.3000,0.3000,0.3000,0.3100,0.3000,0.3000,0.3100,0.3100,0.3000,0.3000,0.3000
0.3000,0.3000,0.3000,0.3000,0.3100,0.3100,0.3100,0.3000,0.3000,0.3000,0.3000,0.3000,0.3000,0.3100,0.3100,0.2600,0.7500,0.9800,0.2000,0.1800,0.2100,0.3000,0.3300,0.3100,0.3100,0.3000,0.3100,0.3100,0.3100,0.3000,0.3100,0.3200,0.3200,0.3300,0.3400,0.3300,0.3200,0.2900,0.3300,0.3300,0.3400,0.3200,0.3300,0.3200,0.3300,0.3200,0.3400,0.3300,0.3300,0.3300,0.3300,0.3200,0.3200,0.3200,0.3200,0.3200,0.3300,0.3200,0.3500,0.1600,0.1100,0.2100,0.0500,0.2500,0.1700,0.2100,0.2700,0.3000,0.3100,0.2200,0.1400,0.1500,0.3400,0.3200,0.3100,0.3200,0.3200,0.3200,0.3200,0.3200,0.3200,0.2700,0.3400,0.8000,1.0000,1.5400,0.4500,0.3100,0.3400,0.3400,0.3300,0.3300,0.3400,0.3400,0.3000,0.3200
0.3000,0.3000,0.1200,0.3400,0.3200,0.2300,0.8600,0.8100,0.2300,0.1900,0.3000,0.3600,0.3500,0.3600,0.3400,0.3400,0.3300,0.3400,0.3400,0.3100,0.3500,0.3400,0.3400,0.3400,0.3400,0.3400,0.3500,0.3500,0.3500,0.3700,0.1700,0.1000,0.2100,0.2000,0.2200,0.3200,0.3300,0.3600,0.3500,0.3500,0.3500,0.3500,0.3500,0.3500,0.3500,0.3500,0.3400,0.3400,0.3500,0.3400,0.3500,0.3500,0.3500,0.3400,0.3500,0.3500,0.3400,0.3200,0.3200,0.3200,0.3200,0.2000,0.0600,0.1400,0.3100,0.3000,0.3400,0.3200,0.3400,0.3200,0.2700,0.2600,0.2000,0.2200,0.4700,1.6100,2.6300,2.3300,2.6100,3.8900,4.4000,4.7700,3.5000,2.7500,1.6700,0.5800,0.1300,0.1600,0.3500,0.3400,0.3200,0.3200,0.3200,0.3200,0.3200,0.3200
0.3200,0.3600,0.3500,0.3400,0.3400,0.3400,0.3500,0.3400,0.3400,0.3400,0.3500,0.3400,0.3300,0.3300,0.3200,0.3400,0.1600,0.2200,0.3300,0.3600,0.3000,0.3500,0.3500,0.2500,0.3200,0.3000,0.3600,0.3300,0.3500,0.3400,0.3400,0.3400,0.3600,0.3500,0.3100,0.2200,0.0700,0.1500,0.1200,0.1500,0.2900,0.2800,0.6300,0.6900,0.8000,0.5800,0.4600,0.4600,1.1300,0.8300,1.5200,1.0200,1.0000,0.5600,1.1000,1.4500,0.8700,1.5600,2.3600,2.6300,2.4800,2.3000,3.0300,4.3900,3.9000,2.5600,1.1000,0.7700,0.2000,0.1900,0.2000,0.1600,0.4900,1.1700,2.0700,2.6700,2.1700,1.9100,1.9800,1.4000,0.9700,0.1100,0.2500,0.1700,0.1600,0.7400,0.2300,0.3300,0.3400,0.3100,0.3100,0.3100,0.3000,0.3000,0.3000,0.3300
0.3200,0.3100,0.3100,0.2300,0.2900,0.3400,0.3200,0.3300,0.3200,0.3000,0.3400,0.3300,0.3200,0.3100,0.2000,0.3200,0.3300,0.3300,0.2300,0.2700,0.5600,0.5900,1.2300,0.4400,0.1900,0.8700,2.0200,2.0500,1.6800,2.2600,1.9300,1.8100,4.1500,3.5700,2.0000,2.2600,1.6900,1.4700,1.8400,1.2300,0.6800,0.3800,0.3400,0.5200,1.9500,0.9800,0.6000,0.1600,0.0900,0.2200,0.3200,0.3100,0.3000,0.3100,0.3000,0.3000,0.3000,0.3000,0.3100,0.3100,0.3200,0.3100,0.3000,0.3000,0.3000,0.3000,0.3000,0.3000,0.3000,0.3000,0.3000,0.3100,0.3200,0.3000,0.3000,0.3000,0.3000,0.3000,0.3000,0.3000,0.3000,0.4900,1.5100,0.8100,0.4700,0.4500,0.3300,0.1700,0.3300,0.3600,0.3200,0.3200,0.3300,0.3100,0.3000,0.2300
0.1300,0.1100,0.2500,0.3300,0.3300,0.3200,0.3200,0.3200,0.3200,0.3200,0.3400,0.3400,0.3400,0.3300,0.3300,0.3200,0.3300,0.3200,0.3200,0.3300,0.3400,0.3400,0.3200,0.3100,0.3100,0.3200,0.3100,0.3100,0.3100,0.3300,0.3300,0.3400,0.3400,0.3400,0.3500,0.3400,0.3400,0.3400,0.3300,0.3400,0.3600,0.3500,0.3400,0.3400,0.3400,0.3400,0.3300,0.3300,0.3200,0.3200,0.3200,0.3300,0.3300,0.3400,0.3400,0.3300,0.3400,0.3300,0.3200,0.3300,0.3600,0.1100,0.2200,0.3400,0.2100,0.1600,0.2500,0.2600,0.5900,2.8700,4.8700,5.0400,5.0700,5.1600,5.9600,5.7600,4.4600,3.8800,3.9300,2.6800,2.0400,0.7600,0.2300,0.1800,0.3200,0.3100,0.3100,0.3000,0.3100,0.3100,0.3100,0.3200,0.3100,0.3200,0.3200,0.3200
0.3300,0.3300,0.3200,0.3300,0.3200,0.3200,0.3200,0.3100,0.3200,0.3200,0.3100,0.3200,0.3200,0.3200,0.3300,0.3500,0.2100,0.3200,0.5200,0.8300,1.2500,1.8300,2.6300,2.7900,3.5300,3.4700,3.5900,2.4300,2.4600,2.9600,4.3300,3.6900,4.3400,4.9600,4.2200,5.0400,6.5600,6.1200,4.3700,4.1000,2.7200,2.2800,2.9700,4.7200,3.5700,5.3500,5.0100,5.1300,4.3800,2.8400,0.3100,0.4000,1.4700,2.8600,5.2300,5.5500,4.4100,2.1400,1.3200,4.2100,4.8900,3.8300,1.8500,0.6300,2.0900,6.7000,8.9100,7.2400,9.5700,12.9800,16.3100,15.7200,14.3600,15.5300,28.3200,31.0100,35.5000,44.7300,47.2700,34.1100,35.9600,47.0900,62.5200,66.5200,71.2800,67.4800,60.9300,49.4800,39.4000,36.7300,41.9000,40.2900,37.1800,29.7700,28.1400,33.8400
32.1300,35.6000,41.7000,44.0800,47.6900,38.9400,30.6300,32.4300,33.4700,35.3400,43.7000,41.6100,33.5500,33.6000,31.9300,30.0500,31.6700,31.3300,29.7200,29.0900,35.2000,39.3400,34.2200,37.4800,46.2000,51.3500,46.0800,38.4200,35.1200,38.2600,40.7800,45.2700,41.3200,33.7200,30.9500,29.3100,30.7300,28.1800,30.3900,31.2100,25.7300,22.0700,20.4200,18.6000,14.0800,11.2000,10.9500,9.3100,6.5400,6.0600,11.8500,15.6000,26.0600,39.3700,40.8200,35.0600,27.1100,23.6400,21.5800,19.7100,15.5800,15.4900,18.4100,29.7500,31.8600,35.2300,32.9300,39.9900,44.8400,51.3500,59.8600,65.4500,72.8600,74.4200,73.6000,71.8900,68.3400,61.5200,68.0100,63.0000,56.9500,45.4700,30.6300,23.5400,25.8400,25.9800,22.6800,17.9900,15.7300,14.8200,14.5100,13.9800,14.9800,21.0400,23.8600,21.8500
27.4400,31.7500,28.4000,34.5200,39.1000,54.5000,71.5700,70.1900,58.2000,56.7900,57.8500,45.6500,35.8200,31.3700,29.0300,30.5000,29.1500,29.1400,27.7700,23.0300,16.8800,14.7900,16.5900,19.6700,23.8000,21.3500,28.5000,41.8200,46.1600,56.4300,69.1600,76.0900,75.4300,78.9700,79.6600,71.3500,65.4100,61.3900,54.3600,53.7600,56.4000,58.2800,54.8300,53.5800,45.3700,43.4300,41.4600,44.1700,47.4200,44.6300,42.8500,30.3900,23.7400,23.1800,24.3000,21.7100,15.2200,10.9100,10.1400,11.0700,21.3200,33.8500,34.0900,32.8800,34.0400,31.6000,42.3000,43.9500,47.7200,50.6200,44.9300,41.7500,42.3100,46.3500,45.9900,43.8900,37.4200,25.5700,23.5500,30.4200,36.3800,27.9500,24.6300,52.3600,65.4300,45.6000,30.5900,23.4100,23.8200,26.5300,42.4400,53.4800,65.2400,73.6600,77.4400,69.1500
49.2200,38.3400,35.4900,33.3700,27.4700,23.6400,16.0300,10.9000,9.9800,16.6600,24.1800,32.0800,30.7800,29.8700,30.0700,39.2800,48.8100,44.0900,42.9400,39.4200,31.5800,32.0900,28.9800,35.9500,27.2900,21.8200,23.3800,25.8700,31.3000,45.3700,53.7800,75.0500,86.7900,83.5000,80.6500,80.6000,82.4100,80.8100,79.7500,81.8400,79.2600,90.8800,88.5900,52.7700,34.2000,41.2400,48.0700,85.4400,88.6100,85.4000,85.0000,83.5600,81.9900,86.4400,81.1300,80.7600,80.4700,80.5200,58.9700,55.2000,53.8100,48.7900,48.6000,51.3500,56.2400,53.9400,54.3400,57.8600,61.4000,62.6200,65.0500,65.9300,52.0000,57.2500,71.8800,63.8200,79.5900,79.4200,78.9900,79.0100,80.6400,81.5100,82.8800,83.5400,83.0000,82.5500,81.4600,80.9500,72.3100,75.0800,71.8100,75.5100,68.5700,58.5500,59.4600,61.7200
58.7500,62.0000,65.5900,71.4200,68.2000,79.6100,89.8600,92.2500,96.3200,95.1900,92.1800,90.7300,88.6800,84.9400,82.1800,85.1600,87.2600,93.8800,90.1700,87.4800,89.1900,88.1500,77.2500,69.6500,65.1400,50.3600,60.4900,46.4300,41.5400,41.1300,35.8000,36.8100,38.1100,38.5000,39.5300,43.1800,41.1500,40.4300,40.9300,34.7600,28.3500,26.4600,18.8800,17.7800,11.7600,9.9800,7.6600,5.4300,4.1600,2.8000,2.7500,1.8700,0.5600,0.2700,0.2700,0.3400,0.3200,0.2900,0.1400,0.1700,0.2100,0.1600,0.1800,0.2300,0.3100,0.3200,0.3000,0.3200,0.3000,0.2700,0.2900,0.2800,0.3100,0.3400,0.5300,2.3000,3.0400,1.6300,0.7500,0.4300,0.7700,0.8200,0.4800,0.2900,0.1000,0.2100,0.3400,0.2900,0.2100,0.2100,0.6500,0.5700,0.2600,0.1500,0.1700,0.3000
0.3400,0.3000,0.3000,0.3000,0.3100,0.3100,0.3300,0.2800,0.1000,0.0800,0.2700,0.3100,0.3200,0.3200,0.3100,0.3200,0.3300,0.3300,0.3500,0.3400,0.3200,0.3300,0.3300,0.3300,0.3100,0.3200,0.3100,0.3100,0.3200,0.3100,0.3100,0.3200,0.3300,0.3200,0.3300,0.3500,0.3500,0.3300,0.3500,0.3600,0.3200,0.3100,0.3400,0.3600,0.3400,0.2700,0.3500,0.3400,0.2300,0.2200,0.1500,0.1500,0.2700,0.3000,0.2900,0.3300,0.3400,0.3000,0.1900,0.1000,0.3800,1.2300,2.0300,3.8900,5.4400,5.8300,4.3000,2.4100,2.0400,2.3500,2.6000,2.9600,3.0900,2.4600,2.0400,1.1300,0.6100,0.1200,0.1200,0.1700,0.3000,0.2800,0.2700,0.3000,0.3400,0.3100,0.3300,0.3300,0.3100,0.3200,0.3300,0.3200,0.3200,0.3200,0.3100,0.3100
0.3100,0.3100,0.3100,0.3100,0.3100,0.3100,0.3100,0.3100,0.3200,0.3200,0.3300,0.3400,0.3200,0.2200,0.0700,0.1500,0.1800,0.2600,0.3600,0.2800,0.0800,0.1100,0.1500,0.3400,0.1200,0.1800,0.1200,0.1900,0.1500,0.4000,0.2200,0.2300,1.5000,2.2800,3.1300,3.7700,3.1100,2.5300,2.2200,2.7600,2.9600,1.7900,0.5600,0.2500,0.9600,1.2900,1.3200,0.9700,0.4000,0.0800,0.0900,0.1100,0.2800,0.2900,0.1600,0.3400,0.3200,0.3000,0.1700,0.1100,0.2000,1.1500,2.7600,3.6400,3.3000,2.7500,3.1800,5.1600,8.4700,9.1500,10.0500,9.3700,9.2000,8.6800,10.2600,11.9100,11.8200,12.0000,11.2900,6.2400,1.4500,0.2200,0.2900,0.2600,0.3100,0.3000,0.3000,0.3100,0.3000,0.3000,0.3100,0.3100,0.3000,0.3200,0.2700,0.1900
0.1300,0.1800,0.2900,0.6600,1.8600,1.8400,2.6000,3.2700,1.0100,0.4800,0.1600,0.3200,1.2200,0.7900,2.8900,4.0900,5.1300,4.0300,2.9400,4.9000,6.5600,6.7100,6.8800,5.6000,4.3500,6.6800,7.6000,8.0800,7.9700,9.9300,12.8500,12.6700,11.2400,11.4900,10.9000,10.2500,8.6700,8.0100,6.6500,6.7900,6.7700,7.6000,6.1900,5.8500,4.5400,4.6700,3.6700,3.2700,3.9200,4.8900,5.0500,5.3100,5.3900,4.1900,0.2500,0.3300,0.3100,0.3000,0.3300,0.2000,0.1200,0.1400,0.1800,0.1400,0.1900,1.5200,2.1200,1.3200,1.4200,0.7500,0.1700,0.3100,0.2800,0.2900,0.3000,0.3000,0.3000,0.3000,0.3000,0.3000,0.3000,0.2800,0.2100,0.1000,0.2800,0.3000,0.3000,0.3000,0.3000,0.3000,0.3000,0.3000,0.3000,0.3000,0.3000,0.2300
0.1700,0.2900,0.3200,0.3000,0.1500,0.2500,0.3300,0.3300,0.2800,0.1800,0.6000,1.4000,1.3900,2.0300,2.2300,3.2500,2.0400,2.2700,2.1900,3.2800,3.6900,3.0500,2.7400,2.4700,2.6800,2.0100,0.8100,0.5700,0.7000,1.8000,3.2100,3.4500,4.9800,5.3500,4.5600,3.9800,5.9900,7.5200,7.4300,7.9300,7.8600,8.5400,10.3800,10.1300,9.5700,8.7600,7.9700,9.4900,11.3700,12.1100,12.3000,10.4800,10.2800,8.7000,6.8600,4.7900,4.2500,2.7400,3.7000,5.8300,7.6400,9.6800,11.2600,10.7500,14.0900,18.6000,20.7700,20.0100,16.4400,15.6800,16.6200,18.2600,23.4800,31.3200,35.1300,37.1600,35.1900,34.2000,31.7700,27.3500,20.0400,15.0700,9.3400,8.1400,9.5000,8.1600,7.4700,6.1400,4.9300,7.0000,9.0300,8.9000,9.9600,10.5300,9.9900,9.0500
8.2700,7.6900,9.7400,10.4400,11.0900,12.5200,12.2400,11.6000,13.3000,13.1200,13.6000,14.7600,12.7300,12.1200,11.5300,10.6300,10.0300,10.3400,10.7700,12.5400,14.7800,15.8700,13.5300,13.0200,14.8400,16.3400,16.3300,15.7000,13.9300,12.9300,11.7200,12.3000,14.3400,13.5500,14.8700,17.4700,17.8400,17.9300,18.4900,17.6000,16.9100,16.3300,15.4700,13.1500,11.3800,9.9200,8.1600,6.4200,5.9400,5.5600,6.1200,5.1500,4.3400,3.0200,1.6100,0.4000,0.7300,1.2900,1.4400,1.6100,2.5000,3.2400,3.9600,3.6300,2.7900,3.6200,6.0200,10.8100,12.3100,11.9800,9.7000,11.5300,11.2800,10.3600,6.4900,3.4200,3.6300,1.3600,0.3800,0.1600,0.1800,0.3100,0.2900,0.3000,0.3000,0.3000,0.3300,0.3000,0.3000,0.3000,0.2000,0.9100,3.8200,5.6900,6.8200,9.1400
8.9500,10.1800,8.5100,5.7000,4.6300,6.4600,8.3200,7.7500,8.2300,5.5300,2.7300,1.4900,0.3900,0.2100,0.2800,0.3200,0.2800,0.6300,0.5600,1.0700,1.3900,0.9200,0.7400,0.4300,0.8200,1.0800,1.0600,0.9000,1.4400,2.2100,2.5700,2.9500,3.3300,2.5300,1.8200,1.1300,0.6400,1.0500,1.4100,1.6200,2.2500,3.0900,3.2600,2.6000,2.3000,1.7000,1.5200,0.9800,0.4400,0.2200,0.1400,0.2300,0.3000,0.3000,0.3000,0.3100,0.3000,0.3300,0.3200,0.2800,0.7500,1.1700,1.4500,1.0000,0.4300,0.3200,0.7000,2.2900,1.9300,1.6100,2.0400,2.9200,3.9200,4.4300,4.5500,4.2200,3.4800,2.8400,2.2200,2.1800,1.8000,0.8700,0.1800,0.3200,0.2300,0.3400,0.3300,0.3100,0.3000,0.3000,0.2900,0.3000,0.2900,0.3000,0.3000,0.3000
0.3000,0.3000,0.3000,0.3000,0.2900,0.3000,0.3000,0.3100,0.3000,0.3000,0.3100,0.3100,0.3000,0.3000,0.3100,0.3000,0.3000,0.2900,0.3000,0.3000,0.3000,0.3100,0.3000,0.3100,0.3000,0.3000,0.3000,0.3000,0.3000,0.3000,0.3100,0.3200,0.3200,0.3300,0.3100,0.3100,0.3100,0.3100,0.3000,0.3200,0.3100,0.3000,0.3100,0.3100,0.3100,0.3100,0.3100,0.3100,0.3100,0.3100,0.2200,0.1900,0.1600,0.3100,0.3000,0.3000,0.3100,0.3100,0.3000,0.5200,1.6400,2.2000,2.8800,3.7500,4.2300,4.3100,4.9800,6.6700,7.0800,6.7000,6.2900,5.0100,4.5000,5.0500,3.4900,3.7000,3.3200,3.2800,2.7400,3.1500,3.8100,2.7700,2.5900,2.3700,1.3400,1.1700,0.5800,0.1700,0.2800,0.3500,0.3400,0.3300,0.3200,0.3100,0.2600,0.2000
0.1700,0.1800,0.2500,0.1100,0.1100,0.0800,0.1300,0.1200,0.6100,0.5000,0.9300,0.9800,0.3800,0.2100,0.2600,0.8000,0.2800,0.8800,2.2900,2.1500,0.9500,0.5500,0.6000,0.2200,0.1600,0.1400,0.4100,0.8100,0.1500,0.3200,0.2900,0.2900,0.3100,0.3200,0.3200,0.3200,0.1700,0.2300,0.2300,0.2500,0.4000,0.8800,0.4100,0.1200,0.1500,0.1000,0.2800,0.2300,0.1700,0.3300,0.3400,0.2000,1.1600,2.8400,2.7500,5.4100,7.9000,6.1400,5.2500,2.9200,5.1500,7.4000,10.6500,11.3900,9.2900,10.9000,13.8600,11.0100,9.3700,8.2200,7.1400,4.6400,5.2100,5.0900,6.8700,5.5400,3.6700,3.6600,3.0500,1.6700,1.0900,0.7300,1.2200,0.2200,0.3100,0.3100,0.3100,0.3000,0.3000,0.3000,0.3000,0.3000,0.3000,0.3000,0.3000,0.3000
0.3000,0.3000,0.3000,0.3000,0.3000,0.3100,0.3100,0.3000,0.3000,0.3000,0.3000,0.3000,0.3100,0.3000,0.3400,0.3100,0.3000,0.3000,0.3000,0.3000,0.3100,0.3000,0.3000,0.3100,0.3000,0.3200,0.3200,0.2200,0.2500,0.3400,0.3300,0.3100,0.1500,0.7700,0.8600,0.2100,0.3200,0.2600,0.2700,0.3100,0.3100,0.2300,0.2300,0.3000,0.2300,0.1300,0.2300,0.2000,0.3000,0.3200,0.1200,0.3300,0.3100,0.3000,0.1000,0.1000,0.1100,0.1700,1.2300,1.1800,2.2200,2.4900,4.0200,6.6600,7.4500,4.9900,37.9500,60.5400,69.7800,77.0300,62.0300,42.1800,37.7100,24.9900,19.5400,21.1800,25.5800,28.9900,22.8100,23.4000,24.7600,26.4100,25.0500,46.9200,51.2700,51.9900,52.8800,55.8000,57.0300,57.9000,60.3900,59.9300,60.1300,61.7500,62.5000,62.6300
62.3500,61.0600,60.8400,60.9200,60.4300,59.4900,56.9200,54.0700,63.7600,81.2700,81.1600,81.1300,80.8800,76.9500,81.8600,81.8500,83.4600,85.1900,83.3700,73.7200,70.2200,74.2500,68.6300,53.3100,44.9100,57.6700,78.3700,86.6800,83.0700,84.3000,87.6000,90.4500,90.2300,91.7600,92.0600,88.2100,68.2400,56.4800,62.4200,70.5400,74.0600,56.4000,59.8100,54.4400,41.2600,38.7700,39.1100,39.6200,40.8700,45.8200,46.3100,38.3600,32.9900,21.9300,15.5700,13.6000,15.2600,21.6900,36.2400,45.4900,51.1900,48.4500,49.0800,47.2000,44.2600,45.4900,40.5900,37.7600,39.0600,42.0300,43.6400,34.0100,23.8800,29.1000,33.9700,40.2000,43.2400,53.4700,57.1100,48.7100,48.1100,39.0300,50.4000,46.0500,40.5800,38.0500,36.4400,33.8200,30.6800,35.0500,43.9100,57.0400,65.5200,71.6700,60.5000,52.4400
57.5400,62.2800,60.6200,53.2500,45.4400,45.5800,34.6900,35.9000,41.3100,51.9700,57.2500,65.5100,53.3200,57.4500,79.7900,81.1500,75.9700,70.0400,56.5300,46.0100,45.9000,51.8800,50.0300,46.9900,63.4700,79.7000,84.0600,69.6800,63.9400,62.3100,65.7400,64.8300,52.8100,52.8300,46.9700,41.0400,35.9500,39.3000,38.5500,34.9700,41.6100,36.8000,31.7600,31.8000,33.7700,28.7200,25.8500,27.4200,27.5300,27.6400,21.6100,12.3100,9.0200,7.9400,7.9100,8.5400,9.8400,15.1800,16.4800,15.3700,23.0500,33.1600,36.3900,36.2600,31.8800,32.6700,35.2000,36.3700,34.3500,41.8700,40.9100,31.0700,29.3000,23.3000,25.0200,24.0100,28.9100,34.3500,35.4900,32.0200,34.7500,32.4800,33.3900,35.4000,41.8700,37.7800,41.2200,43.7200,31.4400,35.3200,36.5400,32.8800,36.6600,42.3200,42.0400,50.5000
48.8800,45.9200,54.9600,56.1500,48.8300,49.4300,53.5000,51.6300,41.7700,37.4300,33.2900,32.6500,27.5300,28.8300,27.4800,30.6700,32.7500,31.4000,27.6300,23.2800,21.3600,20.9700,24.5800,29.6000,29.1400,23.0800,20.8200,19.7100,15.1500,12.2300,11.5700,18.8000,21.8700,18.4100,17.6800,16.3100,13.5400,13.1700,11.7000,11.0800,10.3700,11.5700,11.7000,10.1700,8.4200,9.2800,5.8300,2.7300,3.0500,2.9500,1.2300,0.6400,0.8800,0.9500,0.2600,0.3000,0.3200,0.3100,0.3000,0.3100,0.3000,0.3000,1.4900,2.0100,1.8200,0.9300,0.2200,0.1100,0.9100,1.6900,2.2100,0.6500,0.2300,0.2800,0.3200,0.2900,0.2800,0.2800,0.2900,0.2900,0.2800,0.2900,0.3000,0.2900,0.3000,0.3000,0.3000,0.3000,0.3000,0.3000,0.3000,0.3000,0.3000,0.3000,0.3000,0.3000
0.3000,0.3000,0.3000,0.3000,0.3000,0.3000,0.3000,0.3000,0.3000,0.3000,0.3000,0.3000,0.3000,0.3000,0.3000,0.2800,0.3100,0.3400,0.5000,0.3000,0.3100,0.3100,0.3100,0.3100,0.3100,0.3000,0.3000,0.3100,0.3000,0.3100,0.3000,0.2500,0.2600,0.1200,0.5400,1.5900,0.3000,0.1600,0.3000,1.7500,2.0300,1.1200,1.5300,0.5900,0.2000,0.3200,0.2400,0.2900,0.3000,0.3000,0.3100,0.3100,0.3000,0.3000,0.3000,0.3000,0.3000,0.3000,0.3000,0.3000,0.2900,0.2900,0.2900,0.3000,0.3000,0.2900,0.3000,0.3600,1.6700,1.5400,1.3200,1.5000,2.6300,0.6000,0.2200,0.2600,0.2800,0.2700,0.2600,0.2800,0.2700,0.2800,0.2900,0.2900,0.3000,0.2900,0.3000,0.3000,0.3000,0.2600,0.2900,0.2900,0.3000,0.3000,0.3000,0.2600
0.8500,2.0800,0.6400,0.4200,1.7300,3.2600,5.3300,7.7400,9.7500,11.5300,12.0600,9.5800,5.0400,2.4700,0.4500,2.1600,3.0000,4.1600,3.7700,2.6800,1.4300,0.8500,0.4500,0.1000,0.2000,0.2800,0.1500,0.2100,0.3200,0.3300,0.3100,0.3100,0.2900,0.2800,0.1400,0.1500,0.2500,0.4800,0.5700,0.5800,1.3300,1.7900,2.5800,5.3500,5.4400,5.2400,4.9200,4.1000,4.1700,6.0600,5.2300,3.6800,2.3000,1.1700,0.3800,0.3000,0.3100,0.3000,0.3000,0.2800,0.1500,0.6900,2.9800,5.0800,5.6300,6.7300,9.7200,11.7500,14.2900,18.2100,16.0200,14.6200,17.7800,19.1600,15.3500,11.2900,14.1200,15.8600,15.2700,12.6500,12.1100,13.5400,10.6000,7.8400,5.8600,3.3600,2.6500,5.0300,7.5500,10.6200,12.3700,11.9600,11.0100,9.0000,7.8700,7.8400
10.3600,10.8400,14.7500,17.4000,17.9500,12.4100,10.4400,12.5700,15.7900,14.7500,15.8100,25.3300,38.1400,45.3800,55.4400,75.0200,87.2600,93.7700,95.3600,91.2800,88.5300,83.1200,80.9200,80.4100,78.8000,79.6600,86.9200,89.9700,83.6100,82.5500,77.9500,71.5600,67.7100,60.4100,51.7200,59.4500,73.1400,72.4600,74.4100,82.0400,82.5400,82.1000,78.0000,69.1500,68.1300,70.4700,67.4300,60.1100,67.6500,67.0500,74.9100,72.9700,75.5400,78.9600,83.9200,85.2800,76.8800,78.0200,80.8300,79.6000,79.0500,79.0800,79.2400,79.3800,79.6300,79.4400,78.4000,77.3900,69.2800,59.7000,49.1700,48.1500,42.8800,36.6800,37.0400,33.1500,45.7600,60.6000,62.9400,62.4500,60.7400,60.3200,59.7100,59.6200,65.1200,65.0300,62.7200,55.9500,51.4800,61.1300,66.6900,68.2800,69.6600,71.7900,71.0900,70.5400
64.4800,60.5500,58.9700,57.8300,56.3000,53.2200,45.5500,43.5300,56.8600,68.6100,74.0900,75.9400,80.9300,81.4500,81.8300,81.6900,81.2800,81.0000,81.1000,81.1100,80.9800,82.2400,82.3600,76.9500,74.8200,82.1200,71.7800,59.3200,36.6600,21.4800,19.2900,12.5500,13.1800,11.3300,13.5300,22.4600,30.9800,35.0500,48.7300,53.8900,47.0400,35.9300,31.7100,35.0500,40.9000,46.8200,44.1400,26.5400,21.8300,12.0400,5.9100,2.1500,0.3400,0.3200,0.3000,0.3000,0.3200,0.2600,2.3700,8.8300,14.6300,13.2500,12.4100,12.6400,12.6400,11.7000,7.9500,7.2900,7.4100,5.7500,3.4500,1.9000,1.9100,1.3200,0.9300,1.2900,1.3800,1.0300,1.4800,1.4400,1.1900,0.2900,0.2800,0.3300,0.2900,0.1500,0.1400,0.3100,0.3100,0.3000,0.3000,0.3000,0.3100,0.3000,0.3200,0.3200
0.3200,0.3200,0.2200,0.3900,1.3300,1.5300,1.3400,2.0500,3.0100,2.7800,1.5900,1.3000,1.7300,3.3700,5.1300,8.7900,15.9900,17.8000,14.3600,10.0100,5.9500,3.4900,0.4700,0.3400,0.3500,0.3200,0.1200,0.1600,0.3300,0.3400,0.3100,0.1900,0.2000,0.3200,0.3000,0.3300,0.3300,0.3200,0.3200,0.3300,0.3200,0.3200,0.3300,0.3200,0.3300,0.3300,0.3300,0.3300,0.3300,0.3300,0.3400,0.3200,0.3200,0.3300,0.3300,0.3500,0.3400,0.6800,0.6600,1.7300,3.3800,5.9000,14.1100,27.3500,31.5300,32.2400,31.9800,31.6300,32.7300,31.3600,28.9000,29.0300,25.7900,23.3400,26.4000,26.4800,22.8200,24.7800,27.3400,29.8800,33.4300,32.0800,23.4200,22.2400,17.2200,13.5100,13.5200,13.6400,17.0400,17.0100,15.6500,22.6400,23.9100,21.2600,21.2500,18.3100
19.1500,18.3800,18.2400,23.0000,28.6900,24.8900,26.7500,25.7300,29.8600,38.3300,34.6600,30.7400,27.4900,22.5000,19.9700,17.5700,16.1400,13.3300,15.5200,17.7400,19.4500,24.6700,23.0000,20.0900,14.4600,12.0100,9.0400,9.4300,13.4100,19.1500,22.7100,13.8400,6.8900,6.1400,5.8900,5.7600,5.3800,7.9600,7.9300,8.5300,9.9900,9.6000,12.6700,10.5600,6.8500,4.5700,3.0200,2.3000,1.6300,1.0600,1.6200,2.0100,2.8100,4.8500,11.7700,19.0500,19.4100,20.1000,31.9000,44.3300,52.9900,54.8400,56.2900,59.3400,54.7800,47.4100,48.5500,45.4900,40.8900,34.1800,36.4300,38.2100,35.3700,24.5500,21.9400,20.8400,23.6900,35.7900,22.7100,15.3900,13.9700,7.8800,4.7300,4.1400,4.8000,3.3100,5.1700,5.8000,5.4700,3.3200,0.5100,0.2100,0.2400,0.3100,0.3100,0.3200
0.3200,0.3200,0.3100,0.3000,0.3100,0.3100,0.3000,0.3100,0.3200,0.3300,0.3200,0.3100,0.3100,0.3200,0.3200,0.3100,0.3200,0.3100,0.3300,0.3200,0.3300,0.3200,0.3300,0.3400,0.3200,0.3300,0.3400,0.3500,0.3000,0.1300,0.6400,1.0400,1.9600,1.9500,2.8600,4.3400,5.6100,6.6400,7.2800,7.9300,6.8100,5.8800,7.8900,6.8400,10.9300,10.9100,8.9800,7.8300,5.5700,6.6400,9.3700,7.2300,7.6500,7.7300,6.8100,2.9900,3.0600,4.4600,5.0300,4.5800,2.4100,2.9800,3.8500,4.1300,5.4700,4.2400,3.7800,3.9500,3.3300,3.0300,1.9700,0.5800,0.1500,0.3400,0.3200,0.3000,0.2900,0.2000,0.0600,0.1400,0.1500,0.2000,0.2500,0.8900,1.6100,2.7200,6.5200,9.2800,7.2300,5.7200,8.0600,19.1200,23.8100,23.9400,30.1400,34.2300
