0.9792
0.9876
0.9961
0.9612
0.9051
0.9789
0.9915
0.9491
0.9042
0.8376
0.9131
0.9915
0.8685
0.9909
0.9680
0.7904
0.9553
0.8900
0.9615
1.0000
0.8660
0.6975
0.9969
0.9295
0.8849
0.8912
0.7167
0.8614
0.8604
0.8216
0.6824
0.9039
0.8355
0.9299
0.9294
0.9382
0.9550
0.9743
0.9514
0.9870
0.9848
0.9166
0.9969
0.9490
0.9883
0.9916
0.9865
0.9919
0.9978
0.8454
0.8882
0.9426
0.5021
0.6221
0.9532
0.9754
0.9739
0.9507
0.9756
0.9525
0.9972
0.9973
0.8140
0.8688
0.8871
0.7970
0.9871
0.9721
0.4729
0.8277
0.9236
0.9690
0.9978
