0.7474
0.9782
0.9687
0.9861
0.8645
0.9744
0.9338
0.9441
0.8840
0.8284
0.9543
0.9498
0.8443
0.9789
0.9755
0.8102
0.9696
0.9429
0.8518
0.9774
0.8728
0.7050
0.9439
0.9399
0.9174
0.9351
0.7202
0.9150
0.8867
0.8620
0.7748
0.9844
0.8099
0.8854
0.9663
0.9547
0.9870
0.9545
0.9417
0.9791
0.9823
0.9099
0.9585
0.9694
0.9899
0.9977
0.9947
0.9969
0.9990
0.8477
0.9141
0.9964
0.5479
0.7129
0.9425
0.9939
0.9971
0.9060
0.9160
0.9563
0.9956
0.9912
0.8254
0.8472
0.9212
0.8251
0.9837
0.9930
0.3995
0.6343
0.9625
0.9987
0.9657
