29.1866
4.7584
3.6135
4.8121
4.7978
17.1063
10.0608
1.5780
2.5193
32.8411
45.0840
37.2586
20.7813
4.8183
11.8036
13.4893
36.0595
47.6273
5.2007
4.1040
3.7829
54.2979
11.8726
1.7132
2.1613
21.5954
4.6384
54.3810
44.8168
46.9743
22.5557
51.8774
28.0105
6.6667
13.3369
7.8883
4.8476
2.3373
3.3382
3.0502
1.9386
3.9133
9.8067
5.8659
1.5005
1.4316
2.0890
1.4419
1.0383
1.0719
23.5258
33.9805
13.8469
59.8868
5.3478
4.4958
5.5776
4.9901
10.6222
5.9331
1.5210
1.8955
1.9535
41.2450
29.7392
28.5094
2.0210
9.1026
14.6800
41.0142
4.4573
19.3468
6.2252
