52.1386
5.6904
0.8941
2.3476
0.7785
12.4829
15.7749
1.0870
0.5210
31.9243
58.2119
31.4431
23.1698
1.8192
12.5473
15.4483
43.4929
31.0772
16.0567
1.8687
4.4576
53.5515
17.7259
2.7398
5.3831
17.2502
4.9806
59.6902
69.8615
42.9733
31.7024
59.8432
30.5378
2.2642
9.6818
6.2555
1.6788
0.3741
2.3795
3.8361
1.6930
3.2468
14.2306
3.8443
1.3387
0.3678
1.2829
0.3309
0.7221
1.3043
26.0842
40.0217
18.3757
50.8921
6.4025
1.4485
2.7102
0.5591
16.5256
5.5649
0.8053
1.2959
3.0843
39.1046
48.7210
25.7324
2.3601
5.6493
7.4161
60.1605
8.3121
16.4079
9.4004
