27.1267
3.5301
3.9950
0.9711
14.1978
15.0203
9.2179
6.6179
12.0054
48.9154
53.6896
36.4136
7.7586
3.9128
14.9749
34.2384
40.4844
36.7327
1.3883
4.1077
17.0487
24.3504
12.1768
8.6937
13.5592
10.8256
32.6816
68.1003
58.6408
29.3116
54.0017
61.3917
11.7228
13.6083
6.3452
1.7712
0.3952
4.8815
8.1512
1.7636
3.4473
12.1668
10.1173
0.8188
0.3429
0.5968
0.7570
0.6419
0.8223
16.3794
34.5915
39.6651
63.1346
22.4741
0.7117
2.0555
2.9941
9.8691
8.2072
1.2355
1.2439
2.1674
20.3674
54.2310
40.9167
8.4129
0.7477
6.3425
66.8645
23.9540
12.0222
16.2792
6.0043
